Degree: 1
Knots: 9
0, 0, 0.166667, 0.333333, 0.5, 0.666667, 0.833333, 1, 1, 
Control points: 7
(3,0), (2,0), (1,0), (0,0), (0,1), (0,2), (0,3), 
Degree: 1
Knots: 5
0, 0, 0.5, 1, 1, 
Control points: 3
(2.76405,-0.235951), (0.314601,0.314601), (-0.235951,2.76405), 
Degree: 3
Knots: 8
0, 0, 0, 0, 1, 1, 1, 1, 
Control points: 4
(3.07143,0.0714286), (0.357143,-0.642857), (-0.642857,0.357143), (0.0714286,3.07143), 
Degree: 1
Knots: 9
0, 0, 0.166667, 0.333333, 0.5, 0.666667, 0.833333, 1, 1, 
Control points: 7
(2,0), (1,0), (0,0), (0,1), (0,2), (0,3), (0,4), 
Degree: 1
Knots: 6
0, 0, 0.333333, 0.5, 1, 1, 
Control points: 4
(1.70115,-0.298854), (0.375786,0.375786), (0.0523746,1.05237), (-0.110074,3.88993), 
Degree: 3
Knots: 8
0, 0, 0, 0, 1, 1, 1, 1, 
Control points: 4
(2.04762,0.0476192), (-1.06349,-1.06349), (0.253968,2.25397), (1.23878e-008,4), 
Degree: 1
Knots: 9
0, 0, 0.166667, 0.333333, 0.5, 0.666667, 0.833333, 1, 1, 
Control points: 7
(1,0), (0,0), (0,1), (0,2), (0,3), (0,4), (0,5), 
Degree: 1
Knots: 6
0, 0, 0.333333, 0.5, 1, 1, 
Control points: 4
(0.679907,-0.320093), (0.0662478,1.06625), (-0.0391005,1.9609), (-0.0205159,4.97948), 
Degree: 3
Knots: 8
0, 0, 0, 0, 1, 1, 1, 1, 
Control points: 4
(0.928571,-0.0714286), (-1.11111,-0.111112), (0.563492,3.56349), (-0.047619,4.95238), 
Degree: 1
Knots: 9
0, 0, 0.166667, 0.333333, 0.5, 0.666667, 0.833333, 1, 1, 
Control points: 7
(0,0), (0,1), (0,2), (0,3), (0,4), (0,5), (0,6), 
Degree: 1
Knots: 4
0, 0, 1, 1, 
Control points: 2
(0,-1.49958e-007), (0,6), 
Degree: 3
Knots: 8
0, 0, 0, 0, 1, 1, 1, 1, 
Control points: 4
(0,8.07228e-008), (0,2), (0,4), (0,6), 
Degree: 1
Knots: 9
0, 0, 0.166667, 0.333333, 0.5, 0.666667, 0.833333, 1, 1, 
Control points: 7
(0,1), (0,2), (0,3), (0,4), (0,5), (0,6), (0,7), 
Degree: 1
Knots: 4
0, 0, 1, 1, 
Control points: 2
(0,1), (0,7), 
Degree: 3
Knots: 8
0, 0, 0, 0, 1, 1, 1, 1, 
Control points: 4
(0,1), (0,3), (0,5), (0,7), 
Degree: 1
Knots: 9
0, 0, 0.166667, 0.333333, 0.5, 0.666667, 0.833333, 1, 1, 
Control points: 7
(0,2), (0,3), (0,4), (0,5), (0,6), (0,7), (0,8), 
Degree: 1
Knots: 4
0, 0, 1, 1, 
Control points: 2
(0,2), (0,8), 
Degree: 3
Knots: 8
0, 0, 0, 0, 1, 1, 1, 1, 
Control points: 4
(0,2), (0,4), (0,6), (0,8), 
Degree: 1
Knots: 9
0, 0, 0.166667, 0.333333, 0.5, 0.666667, 0.833333, 1, 1, 
Control points: 7
(0,3), (0,4), (0,5), (0,6), (0,7), (0,8), (0,9), 
Degree: 1
Knots: 4
0, 0, 1, 1, 
Control points: 2
(0,3), (0,9), 
Degree: 3
Knots: 8
0, 0, 0, 0, 1, 1, 1, 1, 
Control points: 4
(0,3), (0,5), (0,7), (0,9), 
Degree: 1
Knots: 9
0, 0, 0.166667, 0.333333, 0.5, 0.666667, 0.833333, 1, 1, 
Control points: 7
(0,4), (0,5), (0,6), (0,7), (0,8), (0,9), (0,10), 
Degree: 1
Knots: 4
0, 0, 1, 1, 
Control points: 2
(0,4), (0,10), 
Degree: 3
Knots: 8
0, 0, 0, 0, 1, 1, 1, 1, 
Control points: 4
(0,4), (0,6), (0,8), (0,10), 
Degree: 1
Knots: 9
0, 0, 0.166667, 0.333333, 0.5, 0.666667, 0.833333, 1, 1, 
Control points: 7
(0,5), (0,6), (0,7), (0,8), (0,9), (0,10), (0,11), 
Degree: 1
Knots: 4
0, 0, 1, 1, 
Control points: 2
(0,5), (0,11), 
Degree: 3
Knots: 8
0, 0, 0, 0, 1, 1, 1, 1, 
Control points: 4
(0,5), (0,7), (0,9), (0,11), 
Degree: 1
Knots: 9
0, 0, 0.166667, 0.333333, 0.5, 0.666667, 0.833333, 1, 1, 
Control points: 7
(0,6), (0,7), (0,8), (0,9), (0,10), (0,11), (0,12), 
Degree: 1
Knots: 4
0, 0, 1, 1, 
Control points: 2
(0,6), (0,12), 
Degree: 3
Knots: 8
0, 0, 0, 0, 1, 1, 1, 1, 
Control points: 4
(0,6), (0,8), (0,10), (0,12), 
Degree: 1
Knots: 9
0, 0, 0.166667, 0.333333, 0.5, 0.666667, 0.833333, 1, 1, 
Control points: 7
(0,7), (0,8), (0,9), (0,10), (0,11), (0,12), (0,13), 
Degree: 1
Knots: 4
0, 0, 1, 1, 
Control points: 2
(0,7), (0,13), 
Degree: 3
Knots: 8
0, 0, 0, 0, 1, 1, 1, 1, 
Control points: 4
(0,7), (0,9), (0,11), (0,13), 
Degree: 1
Knots: 9
0, 0, 0.166667, 0.333333, 0.5, 0.666667, 0.833333, 1, 1, 
Control points: 7
(0,8), (0,9), (0,10), (0,11), (0,12), (0,13), (0,14), 
Degree: 1
Knots: 4
0, 0, 1, 1, 
Control points: 2
(0,8), (0,14), 
Degree: 3
Knots: 8
0, 0, 0, 0, 1, 1, 1, 1, 
Control points: 4
(0,8), (0,10), (0,12), (0,14), 
Degree: 1
Knots: 9
0, 0, 0.166667, 0.333333, 0.5, 0.666667, 0.833333, 1, 1, 
Control points: 7
(0,9), (0,10), (0,11), (0,12), (0,13), (0,14), (0,15), 
Degree: 1
Knots: 4
0, 0, 1, 1, 
Control points: 2
(0,9), (0,15), 
Degree: 3
Knots: 8
0, 0, 0, 0, 1, 1, 1, 1, 
Control points: 4
(0,9), (0,11), (0,13), (0,15), 
Degree: 1
Knots: 9
0, 0, 0.166667, 0.333333, 0.5, 0.666667, 0.833333, 1, 1, 
Control points: 7
(0,10), (0,11), (0,12), (0,13), (0,14), (0,15), (0,16), 
Degree: 1
Knots: 4
0, 0, 1, 1, 
Control points: 2
(0,10), (0,16), 
Degree: 3
Knots: 8
0, 0, 0, 0, 1, 1, 1, 1, 
Control points: 4
(0,10), (0,12), (0,14), (0,16), 
Degree: 1
Knots: 9
0, 0, 0.166667, 0.333333, 0.5, 0.666667, 0.833333, 1, 1, 
Control points: 7
(0,11), (0,12), (0,13), (0,14), (0,15), (0,16), (0,17), 
Degree: 1
Knots: 4
0, 0, 1, 1, 
Control points: 2
(0,11), (0,17), 
Degree: 3
Knots: 8
0, 0, 0, 0, 1, 1, 1, 1, 
Control points: 4
(0,11), (0,13), (0,15), (0,17), 
Degree: 1
Knots: 9
0, 0, 0.166667, 0.333333, 0.5, 0.666667, 0.833333, 1, 1, 
Control points: 7
(0,12), (0,13), (0,14), (0,15), (0,16), (0,17), (0,18), 
Degree: 1
Knots: 4
0, 0, 1, 1, 
Control points: 2
(0,12), (0,18), 
Degree: 3
Knots: 8
0, 0, 0, 0, 1, 1, 1, 1, 
Control points: 4
(0,12), (0,14), (0,16), (0,18), 
Degree: 1
Knots: 9
0, 0, 0.166667, 0.333333, 0.5, 0.666667, 0.833333, 1, 1, 
Control points: 7
(0,13), (0,14), (0,15), (0,16), (0,17), (0,18), (0,19), 
Degree: 1
Knots: 4
0, 0, 1, 1, 
Control points: 2
(0,13), (0,19), 
Degree: 3
Knots: 8
0, 0, 0, 0, 1, 1, 1, 1, 
Control points: 4
(0,13), (0,15), (0,17), (0,19), 
Degree: 1
Knots: 9
0, 0, 0.166667, 0.333333, 0.5, 0.666667, 0.833333, 1, 1, 
Control points: 7
(0,14), (0,15), (0,16), (0,17), (0,18), (0,19), (0,20), 
Degree: 1
Knots: 4
0, 0, 1, 1, 
Control points: 2
(0,14), (0,20), 
Degree: 3
Knots: 8
0, 0, 0, 0, 1, 1, 1, 1, 
Control points: 4
(0,14), (0,16), (0,18), (0,20), 
Degree: 1
Knots: 9
0, 0, 0.166667, 0.333333, 0.5, 0.666667, 0.833333, 1, 1, 
Control points: 7
(0,15), (0,16), (0,17), (0,18), (0,19), (0,20), (0,21), 
Degree: 1
Knots: 4
0, 0, 1, 1, 
Control points: 2
(0,15), (0,21), 
Degree: 3
Knots: 8
0, 0, 0, 0, 1, 1, 1, 1, 
Control points: 4
(0,15), (0,17), (0,19), (0,21), 
Degree: 1
Knots: 9
0, 0, 0.166667, 0.333333, 0.5, 0.666667, 0.833333, 1, 1, 
Control points: 7
(0,16), (0,17), (0,18), (0,19), (0,20), (0,21), (0,22), 
Degree: 1
Knots: 4
0, 0, 1, 1, 
Control points: 2
(0,16), (0,22), 
Degree: 3
Knots: 8
0, 0, 0, 0, 1, 1, 1, 1, 
Control points: 4
(0,16), (0,18), (0,20), (0,22), 
Degree: 1
Knots: 9
0, 0, 0.166667, 0.333333, 0.5, 0.666667, 0.833333, 1, 1, 
Control points: 7
(0,17), (0,18), (0,19), (0,20), (0,21), (0,22), (0,23), 
Degree: 1
Knots: 4
0, 0, 1, 1, 
Control points: 2
(0,17), (0,23), 
Degree: 3
Knots: 8
0, 0, 0, 0, 1, 1, 1, 1, 
Control points: 4
(0,17), (0,19), (0,21), (0,23), 
Degree: 1
Knots: 9
0, 0, 0.166667, 0.333333, 0.5, 0.666667, 0.833333, 1, 1, 
Control points: 7
(0,18), (0,19), (0,20), (0,21), (0,22), (0,23), (0,24), 
Degree: 1
Knots: 4
0, 0, 1, 1, 
Control points: 2
(0,18), (0,24), 
Degree: 3
Knots: 8
0, 0, 0, 0, 1, 1, 1, 1, 
Control points: 4
(0,18), (0,20), (0,22), (0,24), 
Degree: 1
Knots: 9
0, 0, 0.166667, 0.333333, 0.5, 0.666667, 0.833333, 1, 1, 
Control points: 7
(0,19), (0,20), (0,21), (0,22), (0,23), (0,24), (0,25), 
Degree: 1
Knots: 4
0, 0, 1, 1, 
Control points: 2
(0,19), (0,25), 
Degree: 3
Knots: 8
0, 0, 0, 0, 1, 1, 1, 1, 
Control points: 4
(0,19), (0,21), (0,23), (0,25), 
Degree: 1
Knots: 9
0, 0, 0.166667, 0.333333, 0.5, 0.666667, 0.833333, 1, 1, 
Control points: 7
(0,20), (0,21), (0,22), (0,23), (0,24), (0,25), (0,26), 
Degree: 1
Knots: 4
0, 0, 1, 1, 
Control points: 2
(0,20), (0,26), 
Degree: 3
Knots: 8
0, 0, 0, 0, 1, 1, 1, 1, 
Control points: 4
(0,20), (0,22), (0,24), (0,26), 
Degree: 1
Knots: 9
0, 0, 0.166667, 0.333333, 0.5, 0.666667, 0.833333, 1, 1, 
Control points: 7
(0,21), (0,22), (0,23), (0,24), (0,25), (0,26), (0,27), 
Degree: 1
Knots: 4
0, 0, 1, 1, 
Control points: 2
(0,21), (0,27), 
Degree: 3
Knots: 8
0, 0, 0, 0, 1, 1, 1, 1, 
Control points: 4
(0,21), (0,23), (0,25), (0,27), 
Degree: 1
Knots: 9
0, 0, 0.166667, 0.333333, 0.5, 0.666667, 0.833333, 1, 1, 
Control points: 7
(0,22), (0,23), (0,24), (0,25), (0,26), (0,27), (0,28), 
Degree: 1
Knots: 4
0, 0, 1, 1, 
Control points: 2
(0,22), (0,28), 
Degree: 3
Knots: 8
0, 0, 0, 0, 1, 1, 1, 1, 
Control points: 4
(0,22), (0,24), (0,26), (0,28), 
Degree: 1
Knots: 9
0, 0, 0.166667, 0.333333, 0.5, 0.666667, 0.833333, 1, 1, 
Control points: 7
(0,23), (0,24), (0,25), (0,26), (0,27), (0,28), (0,29), 
Degree: 1
Knots: 4
0, 0, 1, 1, 
Control points: 2
(0,23), (0,29), 
Degree: 3
Knots: 8
0, 0, 0, 0, 1, 1, 1, 1, 
Control points: 4
(0,23), (0,25), (0,27), (0,29), 
Degree: 1
Knots: 9
0, 0, 0.166667, 0.333333, 0.5, 0.666667, 0.833333, 1, 1, 
Control points: 7
(0,24), (0,25), (0,26), (0,27), (0,28), (0,29), (0,30), 
Degree: 1
Knots: 4
0, 0, 1, 1, 
Control points: 2
(0,24), (0,30), 
Degree: 3
Knots: 8
0, 0, 0, 0, 1, 1, 1, 1, 
Control points: 4
(0,24), (0,26), (0,28), (0,30), 
Degree: 1
Knots: 9
0, 0, 0.166667, 0.333333, 0.5, 0.666667, 0.833333, 1, 1, 
Control points: 7
(0,25), (0,26), (0,27), (0,28), (0,29), (0,30), (0,31), 
Degree: 1
Knots: 4
0, 0, 1, 1, 
Control points: 2
(0,25), (0,31), 
Degree: 3
Knots: 8
0, 0, 0, 0, 1, 1, 1, 1, 
Control points: 4
(0,25), (0,27), (0,29), (0,31), 
Degree: 1
Knots: 9
0, 0, 0.166667, 0.333333, 0.5, 0.666667, 0.833333, 1, 1, 
Control points: 7
(0,26), (0,27), (0,28), (0,29), (0,30), (0,31), (0,32), 
Degree: 1
Knots: 4
0, 0, 1, 1, 
Control points: 2
(0,26), (0,32), 
Degree: 3
Knots: 8
0, 0, 0, 0, 1, 1, 1, 1, 
Control points: 4
(0,26), (0,28), (0,30), (0,32), 
Degree: 1
Knots: 9
0, 0, 0.166667, 0.333333, 0.5, 0.666667, 0.833333, 1, 1, 
Control points: 7
(0,27), (0,28), (0,29), (0,30), (0,31), (0,32), (0,33), 
Degree: 1
Knots: 4
0, 0, 1, 1, 
Control points: 2
(0,27), (0,33), 
Degree: 3
Knots: 8
0, 0, 0, 0, 1, 1, 1, 1, 
Control points: 4
(0,27), (0,29), (0,31), (0,33), 
Degree: 1
Knots: 9
0, 0, 0.166667, 0.333333, 0.5, 0.666667, 0.833333, 1, 1, 
Control points: 7
(0,28), (0,29), (0,30), (0,31), (0,32), (0,33), (0,34), 
Degree: 1
Knots: 4
0, 0, 1, 1, 
Control points: 2
(0,28), (0,34), 
Degree: 3
Knots: 8
0, 0, 0, 0, 1, 1, 1, 1, 
Control points: 4
(0,28), (0,30), (0,32), (0,34), 
Degree: 1
Knots: 9
0, 0, 0.166667, 0.333333, 0.5, 0.666667, 0.833333, 1, 1, 
Control points: 7
(0,29), (0,30), (0,31), (0,32), (0,33), (0,34), (0,35), 
Degree: 1
Knots: 4
0, 0, 1, 1, 
Control points: 2
(0,29), (0,35), 
Degree: 3
Knots: 8
0, 0, 0, 0, 1, 1, 1, 1, 
Control points: 4
(0,29), (0,31), (0,33), (0,35), 
Degree: 1
Knots: 9
0, 0, 0.166667, 0.333333, 0.5, 0.666667, 0.833333, 1, 1, 
Control points: 7
(0,30), (0,31), (0,32), (0,33), (0,34), (0,35), (0,36), 
Degree: 1
Knots: 4
0, 0, 1, 1, 
Control points: 2
(0,30), (0,36), 
Degree: 3
Knots: 8
0, 0, 0, 0, 1, 1, 1, 1, 
Control points: 4
(0,30), (0,32), (0,34), (0,36), 
Degree: 1
Knots: 9
0, 0, 0.166667, 0.333333, 0.5, 0.666667, 0.833333, 1, 1, 
Control points: 7
(0,31), (0,32), (0,33), (0,34), (0,35), (0,36), (0,37), 
Degree: 1
Knots: 4
0, 0, 1, 1, 
Control points: 2
(0,31), (0,37), 
Degree: 3
Knots: 8
0, 0, 0, 0, 1, 1, 1, 1, 
Control points: 4
(0,31), (0,33), (0,35), (0,37), 
Degree: 1
Knots: 9
0, 0, 0.166667, 0.333333, 0.5, 0.666667, 0.833333, 1, 1, 
Control points: 7
(0,32), (0,33), (0,34), (0,35), (0,36), (0,37), (0,38), 
Degree: 1
Knots: 4
0, 0, 1, 1, 
Control points: 2
(0,32), (0,38), 
Degree: 3
Knots: 8
0, 0, 0, 0, 1, 1, 1, 1, 
Control points: 4
(0,32), (0,34), (0,36), (0,38), 
Degree: 1
Knots: 9
0, 0, 0.166667, 0.333333, 0.5, 0.666667, 0.833333, 1, 1, 
Control points: 7
(0,33), (0,34), (0,35), (0,36), (0,37), (0,38), (0,39), 
Degree: 1
Knots: 4
0, 0, 1, 1, 
Control points: 2
(0,33), (0,39), 
Degree: 3
Knots: 8
0, 0, 0, 0, 1, 1, 1, 1, 
Control points: 4
(0,33), (0,35), (0,37), (0,39), 
Degree: 1
Knots: 9
0, 0, 0.166667, 0.333333, 0.5, 0.666667, 0.833333, 1, 1, 
Control points: 7
(0,34), (0,35), (0,36), (0,37), (0,38), (0,39), (0,40), 
Degree: 1
Knots: 4
0, 0, 1, 1, 
Control points: 2
(0,34), (0,40), 
Degree: 3
Knots: 8
0, 0, 0, 0, 1, 1, 1, 1, 
Control points: 4
(0,34), (0,36), (0,38), (0,40), 
Degree: 1
Knots: 9
0, 0, 0.166667, 0.333333, 0.5, 0.666667, 0.833333, 1, 1, 
Control points: 7
(0,35), (0,36), (0,37), (0,38), (0,39), (0,40), (0,41), 
Degree: 1
Knots: 4
0, 0, 1, 1, 
Control points: 2
(0,35), (0,41), 
Degree: 3
Knots: 8
0, 0, 0, 0, 1, 1, 1, 1, 
Control points: 4
(0,35), (0,37), (0,39), (0,41), 
Degree: 1
Knots: 9
0, 0, 0.166667, 0.333333, 0.5, 0.666667, 0.833333, 1, 1, 
Control points: 7
(0,36), (0,37), (0,38), (0,39), (0,40), (0,41), (0,42), 
Degree: 1
Knots: 4
0, 0, 1, 1, 
Control points: 2
(0,36), (0,42), 
Degree: 3
Knots: 8
0, 0, 0, 0, 1, 1, 1, 1, 
Control points: 4
(0,36), (0,38), (0,40), (0,42), 
Degree: 1
Knots: 9
0, 0, 0.166667, 0.333333, 0.5, 0.666667, 0.833333, 1, 1, 
Control points: 7
(0,37), (0,38), (0,39), (0,40), (0,41), (0,42), (0,43), 
Degree: 1
Knots: 4
0, 0, 1, 1, 
Control points: 2
(0,37), (0,43), 
Degree: 3
Knots: 8
0, 0, 0, 0, 1, 1, 1, 1, 
Control points: 4
(0,37), (0,39), (0,41), (0,43), 
Degree: 1
Knots: 9
0, 0, 0.166667, 0.333333, 0.5, 0.666667, 0.833333, 1, 1, 
Control points: 7
(0,38), (0,39), (0,40), (0,41), (0,42), (0,43), (0,44), 
Degree: 1
Knots: 4
0, 0, 1, 1, 
Control points: 2
(0,38), (0,44), 
Degree: 3
Knots: 8
0, 0, 0, 0, 1, 1, 1, 1, 
Control points: 4
(0,38), (0,40), (0,42), (0,44), 
Degree: 1
Knots: 9
0, 0, 0.166667, 0.333333, 0.5, 0.666667, 0.833333, 1, 1, 
Control points: 7
(0,39), (0,40), (0,41), (0,42), (0,43), (0,44), (0,45), 
Degree: 1
Knots: 4
0, 0, 1, 1, 
Control points: 2
(0,39), (0,45), 
Degree: 3
Knots: 8
0, 0, 0, 0, 1, 1, 1, 1, 
Control points: 4
(0,39), (0,41), (0,43), (0,45), 
Degree: 1
Knots: 9
0, 0, 0.166667, 0.333333, 0.5, 0.666667, 0.833333, 1, 1, 
Control points: 7
(0,40), (0,41), (0,42), (0,43), (0,44), (0,45), (0,46), 
Degree: 1
Knots: 4
0, 0, 1, 1, 
Control points: 2
(0,40), (0,46), 
Degree: 3
Knots: 8
0, 0, 0, 0, 1, 1, 1, 1, 
Control points: 4
(0,40), (0,42), (0,44), (0,46), 
Degree: 1
Knots: 9
0, 0, 0.166667, 0.333333, 0.5, 0.666667, 0.833333, 1, 1, 
Control points: 7
(0,41), (0,42), (0,43), (0,44), (0,45), (0,46), (0,47), 
Degree: 1
Knots: 4
0, 0, 1, 1, 
Control points: 2
(0,41), (0,47), 
Degree: 3
Knots: 8
0, 0, 0, 0, 1, 1, 1, 1, 
Control points: 4
(0,41), (0,43), (0,45), (0,47), 
Degree: 1
Knots: 9
0, 0, 0.166667, 0.333333, 0.5, 0.666667, 0.833333, 1, 1, 
Control points: 7
(0,42), (0,43), (0,44), (0,45), (0,46), (0,47), (0,48), 
Degree: 1
Knots: 4
0, 0, 1, 1, 
Control points: 2
(0,42), (0,48), 
Degree: 3
Knots: 8
0, 0, 0, 0, 1, 1, 1, 1, 
Control points: 4
(0,42), (0,44), (0,46), (0,48), 
Degree: 1
Knots: 9
0, 0, 0.166667, 0.333333, 0.5, 0.666667, 0.833333, 1, 1, 
Control points: 7
(0,43), (0,44), (0,45), (0,46), (0,47), (0,48), (0,49), 
Degree: 1
Knots: 4
0, 0, 1, 1, 
Control points: 2
(0,43), (0,49), 
Degree: 3
Knots: 8
0, 0, 0, 0, 1, 1, 1, 1, 
Control points: 4
(0,43), (0,45), (0,47), (0,49), 
Degree: 1
Knots: 9
0, 0, 0.166667, 0.333333, 0.5, 0.666667, 0.833333, 1, 1, 
Control points: 7
(0,44), (0,45), (0,46), (0,47), (0,48), (0,49), (0,50), 
Degree: 1
Knots: 4
0, 0, 1, 1, 
Control points: 2
(0,44), (0,50), 
Degree: 3
Knots: 8
0, 0, 0, 0, 1, 1, 1, 1, 
Control points: 4
(0,44), (0,46), (0,48), (0,50), 
Degree: 1
Knots: 9
0, 0, 0.166667, 0.333333, 0.5, 0.666667, 0.833333, 1, 1, 
Control points: 7
(0,45), (0,46), (0,47), (0,48), (0,49), (0,50), (1,50), 
Degree: 1
Knots: 6
0, 0, 0.5, 0.833333, 1, 1, 
Control points: 4
(-0.057426,45.0574), (-0.00155342,48.0016), (0.312744,49.6873), (0.649619,50.3504), 
Degree: 3
Knots: 8
0, 0, 0, 0, 1, 1, 1, 1, 
Control points: 4
(-0.0476191,45.0476), (0.563492,46.4365), (-1.11111,50.1111), (0.928571,50.0714), 
Degree: 1
Knots: 9
0, 0, 0.166667, 0.333333, 0.5, 0.666667, 0.833333, 1, 1, 
Control points: 7
(0,46), (0,47), (0,48), (0,49), (0,50), (1,50), (2,50), 
Degree: 1
Knots: 6
0, 0, 0.5, 0.833333, 1, 1, 
Control points: 4
(-0.043483,46.0435), (-0.0500149,49.05), (0.940304,50.0597), (1.80155,50.1985), 
Degree: 3
Knots: 8
0, 0, 0, 0, 1, 1, 1, 1, 
Control points: 4
(-8.9241e-009,46), (0.253968,47.746), (-1.06349,51.0635), (2.04762,49.9524), 
Degree: 1
Knots: 9
0, 0, 0.166667, 0.333333, 0.5, 0.666667, 0.833333, 1, 1, 
Control points: 7
(0,47), (0,48), (0,49), (0,50), (1,50), (2,50), (3,50), 
Degree: 1
Knots: 5
0, 0, 0.5, 1, 1, 
Control points: 3
(-0.235951,47.236), (0.314601,49.6854), (2.76405,50.236), 
Degree: 3
Knots: 8
0, 0, 0, 0, 1, 1, 1, 1, 
Control points: 4
(0.0714286,46.9286), (-0.642857,49.6429), (0.357143,50.6429), (3.07143,49.9286), 
Degree: 1
Knots: 9
0, 0, 0.166667, 0.333333, 0.5, 0.666667, 0.833333, 1, 1, 
Control points: 7
(0,48), (0,49), (0,50), (1,50), (2,50), (3,50), (4,50), 
Degree: 1
Knots: 6
0, 0, 0.333333, 0.5, 1, 1, 
Control points: 4
(-0.298855,48.2989), (0.375787,49.6242), (1.05238,49.9476), (3.88993,50.1101), 
Degree: 3
Knots: 8
0, 0, 0, 0, 1, 1, 1, 1, 
Control points: 4
(0.0476192,47.9524), (-1.06349,51.0635), (2.25397,49.746), (4,50), 
Degree: 1
Knots: 9
0, 0, 0.166667, 0.333333, 0.5, 0.666667, 0.833333, 1, 1, 
Control points: 7
(0,49), (0,50), (1,50), (2,50), (3,50), (4,50), (5,50), 
Degree: 1
Knots: 6
0, 0, 0.333333, 0.5, 1, 1, 
Control points: 4
(-0.320092,49.3201), (1.06625,49.9338), (1.9609,50.0391), (4.97949,50.0205), 
Degree: 3
Knots: 8
0, 0, 0, 0, 1, 1, 1, 1, 
Control points: 4
(-0.0714286,49.0714), (-0.111112,51.1111), (3.56349,49.4365), (4.95238,50.0476), 
Degree: 1
Knots: 9
0, 0, 0.166667, 0.333333, 0.5, 0.666667, 0.833333, 1, 1, 
Control points: 7
(0,50), (1,50), (2,50), (3,50), (4,50), (5,50), (6,50), 
Degree: 1
Knots: 4
0, 0, 1, 1, 
Control points: 2
(-1.49958e-007,50), (6,50), 
Degree: 3
Knots: 8
0, 0, 0, 0, 1, 1, 1, 1, 
Control points: 4
(8.07228e-008,50), (2,50), (4,50), (6,50), 
Degree: 1
Knots: 9
0, 0, 0.166667, 0.333333, 0.5, 0.666667, 0.833333, 1, 1, 
Control points: 7
(1,50), (2,50), (3,50), (4,50), (5,50), (6,50), (7,50), 
Degree: 1
Knots: 4
0, 0, 1, 1, 
Control points: 2
(1,50), (7,50), 
Degree: 3
Knots: 8
0, 0, 0, 0, 1, 1, 1, 1, 
Control points: 4
(1,50), (3,50), (5,50), (7,50), 
Degree: 1
Knots: 9
0, 0, 0.166667, 0.333333, 0.5, 0.666667, 0.833333, 1, 1, 
Control points: 7
(2,50), (3,50), (4,50), (5,50), (6,50), (7,50), (8,50), 
Degree: 1
Knots: 4
0, 0, 1, 1, 
Control points: 2
(2,50), (8,50), 
Degree: 3
Knots: 8
0, 0, 0, 0, 1, 1, 1, 1, 
Control points: 4
(2,50), (4,50), (6,50), (8,50), 
Degree: 1
Knots: 9
0, 0, 0.166667, 0.333333, 0.5, 0.666667, 0.833333, 1, 1, 
Control points: 7
(3,50), (4,50), (5,50), (6,50), (7,50), (8,50), (9,50), 
Degree: 1
Knots: 4
0, 0, 1, 1, 
Control points: 2
(3,50), (9,50), 
Degree: 3
Knots: 8
0, 0, 0, 0, 1, 1, 1, 1, 
Control points: 4
(3,50), (5,50), (7,50), (9,50), 
Degree: 1
Knots: 9
0, 0, 0.166667, 0.333333, 0.5, 0.666667, 0.833333, 1, 1, 
Control points: 7
(4,50), (5,50), (6,50), (7,50), (8,50), (9,50), (10,50), 
Degree: 1
Knots: 4
0, 0, 1, 1, 
Control points: 2
(4,50), (10,50), 
Degree: 3
Knots: 8
0, 0, 0, 0, 1, 1, 1, 1, 
Control points: 4
(4,50), (6,50), (8,50), (10,50), 
Degree: 1
Knots: 9
0, 0, 0.166667, 0.333333, 0.5, 0.666667, 0.833333, 1, 1, 
Control points: 7
(5,50), (6,50), (7,50), (8,50), (9,50), (10,50), (11,50), 
Degree: 1
Knots: 4
0, 0, 1, 1, 
Control points: 2
(5,50), (11,50), 
Degree: 3
Knots: 8
0, 0, 0, 0, 1, 1, 1, 1, 
Control points: 4
(5,50), (7,50), (9,50), (11,50), 
Degree: 1
Knots: 9
0, 0, 0.166667, 0.333333, 0.5, 0.666667, 0.833333, 1, 1, 
Control points: 7
(6,50), (7,50), (8,50), (9,50), (10,50), (11,50), (12,50), 
Degree: 1
Knots: 4
0, 0, 1, 1, 
Control points: 2
(6,50), (12,50), 
Degree: 3
Knots: 8
0, 0, 0, 0, 1, 1, 1, 1, 
Control points: 4
(6,50), (8,50), (10,50), (12,50), 
Degree: 1
Knots: 9
0, 0, 0.166667, 0.333333, 0.5, 0.666667, 0.833333, 1, 1, 
Control points: 7
(7,50), (8,50), (9,50), (10,50), (11,50), (12,50), (13,50), 
Degree: 1
Knots: 4
0, 0, 1, 1, 
Control points: 2
(7,50), (13,50), 
Degree: 3
Knots: 8
0, 0, 0, 0, 1, 1, 1, 1, 
Control points: 4
(7,50), (9,50), (11,50), (13,50), 
Degree: 1
Knots: 9
0, 0, 0.166667, 0.333333, 0.5, 0.666667, 0.833333, 1, 1, 
Control points: 7
(8,50), (9,50), (10,50), (11,50), (12,50), (13,50), (14,50), 
Degree: 1
Knots: 4
0, 0, 1, 1, 
Control points: 2
(8,50), (14,50), 
Degree: 3
Knots: 8
0, 0, 0, 0, 1, 1, 1, 1, 
Control points: 4
(8,50), (10,50), (12,50), (14,50), 
Degree: 1
Knots: 9
0, 0, 0.166667, 0.333333, 0.5, 0.666667, 0.833333, 1, 1, 
Control points: 7
(9,50), (10,50), (11,50), (12,50), (13,50), (14,50), (15,50), 
Degree: 1
Knots: 4
0, 0, 1, 1, 
Control points: 2
(9,50), (15,50), 
Degree: 3
Knots: 8
0, 0, 0, 0, 1, 1, 1, 1, 
Control points: 4
(9,50), (11,50), (13,50), (15,50), 
Degree: 1
Knots: 9
0, 0, 0.166667, 0.333333, 0.5, 0.666667, 0.833333, 1, 1, 
Control points: 7
(10,50), (11,50), (12,50), (13,50), (14,50), (15,50), (16,50), 
Degree: 1
Knots: 4
0, 0, 1, 1, 
Control points: 2
(10,50), (16,50), 
Degree: 3
Knots: 8
0, 0, 0, 0, 1, 1, 1, 1, 
Control points: 4
(10,50), (12,50), (14,50), (16,50), 
Degree: 1
Knots: 9
0, 0, 0.166667, 0.333333, 0.5, 0.666667, 0.833333, 1, 1, 
Control points: 7
(11,50), (12,50), (13,50), (14,50), (15,50), (16,50), (17,50), 
Degree: 1
Knots: 4
0, 0, 1, 1, 
Control points: 2
(11,50), (17,50), 
Degree: 3
Knots: 8
0, 0, 0, 0, 1, 1, 1, 1, 
Control points: 4
(11,50), (13,50), (15,50), (17,50), 
Degree: 1
Knots: 9
0, 0, 0.166667, 0.333333, 0.5, 0.666667, 0.833333, 1, 1, 
Control points: 7
(12,50), (13,50), (14,50), (15,50), (16,50), (17,50), (18,50), 
Degree: 1
Knots: 4
0, 0, 1, 1, 
Control points: 2
(12,50), (18,50), 
Degree: 3
Knots: 8
0, 0, 0, 0, 1, 1, 1, 1, 
Control points: 4
(12,50), (14,50), (16,50), (18,50), 
Degree: 1
Knots: 9
0, 0, 0.166667, 0.333333, 0.5, 0.666667, 0.833333, 1, 1, 
Control points: 7
(13,50), (14,50), (15,50), (16,50), (17,50), (18,50), (19,50), 
Degree: 1
Knots: 4
0, 0, 1, 1, 
Control points: 2
(13,50), (19,50), 
Degree: 3
Knots: 8
0, 0, 0, 0, 1, 1, 1, 1, 
Control points: 4
(13,50), (15,50), (17,50), (19,50), 
Degree: 1
Knots: 9
0, 0, 0.166667, 0.333333, 0.5, 0.666667, 0.833333, 1, 1, 
Control points: 7
(14,50), (15,50), (16,50), (17,50), (18,50), (19,50), (20,50), 
Degree: 1
Knots: 4
0, 0, 1, 1, 
Control points: 2
(14,50), (20,50), 
Degree: 3
Knots: 8
0, 0, 0, 0, 1, 1, 1, 1, 
Control points: 4
(14,50), (16,50), (18,50), (20,50), 
Degree: 1
Knots: 9
0, 0, 0.166667, 0.333333, 0.5, 0.666667, 0.833333, 1, 1, 
Control points: 7
(15,50), (16,50), (17,50), (18,50), (19,50), (20,50), (21,50), 
Degree: 1
Knots: 4
0, 0, 1, 1, 
Control points: 2
(15,50), (21,50), 
Degree: 3
Knots: 8
0, 0, 0, 0, 1, 1, 1, 1, 
Control points: 4
(15,50), (17,50), (19,50), (21,50), 
Degree: 1
Knots: 9
0, 0, 0.166667, 0.333333, 0.5, 0.666667, 0.833333, 1, 1, 
Control points: 7
(16,50), (17,50), (18,50), (19,50), (20,50), (21,50), (22,50), 
Degree: 1
Knots: 4
0, 0, 1, 1, 
Control points: 2
(16,50), (22,50), 
Degree: 3
Knots: 8
0, 0, 0, 0, 1, 1, 1, 1, 
Control points: 4
(16,50), (18,50), (20,50), (22,50), 
Degree: 1
Knots: 9
0, 0, 0.166667, 0.333333, 0.5, 0.666667, 0.833333, 1, 1, 
Control points: 7
(17,50), (18,50), (19,50), (20,50), (21,50), (22,50), (23,50), 
Degree: 1
Knots: 4
0, 0, 1, 1, 
Control points: 2
(17,50), (23,50), 
Degree: 3
Knots: 8
0, 0, 0, 0, 1, 1, 1, 1, 
Control points: 4
(17,50), (19,50), (21,50), (23,50), 
Degree: 1
Knots: 9
0, 0, 0.166667, 0.333333, 0.5, 0.666667, 0.833333, 1, 1, 
Control points: 7
(18,50), (19,50), (20,50), (21,50), (22,50), (23,50), (24,50), 
Degree: 1
Knots: 4
0, 0, 1, 1, 
Control points: 2
(18,50), (24,50), 
Degree: 3
Knots: 8
0, 0, 0, 0, 1, 1, 1, 1, 
Control points: 4
(18,50), (20,50), (22,50), (24,50), 
Degree: 1
Knots: 9
0, 0, 0.166667, 0.333333, 0.5, 0.666667, 0.833333, 1, 1, 
Control points: 7
(19,50), (20,50), (21,50), (22,50), (23,50), (24,50), (25,50), 
Degree: 1
Knots: 4
0, 0, 1, 1, 
Control points: 2
(19,50), (25,50), 
Degree: 3
Knots: 8
0, 0, 0, 0, 1, 1, 1, 1, 
Control points: 4
(19,50), (21,50), (23,50), (25,50), 
Degree: 1
Knots: 9
0, 0, 0.166667, 0.333333, 0.5, 0.666667, 0.833333, 1, 1, 
Control points: 7
(20,50), (21,50), (22,50), (23,50), (24,50), (25,50), (26,50), 
Degree: 1
Knots: 4
0, 0, 1, 1, 
Control points: 2
(20,50), (26,50), 
Degree: 3
Knots: 8
0, 0, 0, 0, 1, 1, 1, 1, 
Control points: 4
(20,50), (22,50), (24,50), (26,50), 
Degree: 1
Knots: 9
0, 0, 0.166667, 0.333333, 0.5, 0.666667, 0.833333, 1, 1, 
Control points: 7
(21,50), (22,50), (23,50), (24,50), (25,50), (26,50), (27,50), 
Degree: 1
Knots: 4
0, 0, 1, 1, 
Control points: 2
(21,50), (27,50), 
Degree: 3
Knots: 8
0, 0, 0, 0, 1, 1, 1, 1, 
Control points: 4
(21,50), (23,50), (25,50), (27,50), 
Degree: 1
Knots: 9
0, 0, 0.166667, 0.333333, 0.5, 0.666667, 0.833333, 1, 1, 
Control points: 7
(22,50), (23,50), (24,50), (25,50), (26,50), (27,50), (28,50), 
Degree: 1
Knots: 4
0, 0, 1, 1, 
Control points: 2
(22,50), (28,50), 
Degree: 3
Knots: 8
0, 0, 0, 0, 1, 1, 1, 1, 
Control points: 4
(22,50), (24,50), (26,50), (28,50), 
Degree: 1
Knots: 9
0, 0, 0.166667, 0.333333, 0.5, 0.666667, 0.833333, 1, 1, 
Control points: 7
(23,50), (24,50), (25,50), (26,50), (27,50), (28,50), (29,50), 
Degree: 1
Knots: 4
0, 0, 1, 1, 
Control points: 2
(23,50), (29,50), 
Degree: 3
Knots: 8
0, 0, 0, 0, 1, 1, 1, 1, 
Control points: 4
(23,50), (25,50), (27,50), (29,50), 
Degree: 1
Knots: 9
0, 0, 0.166667, 0.333333, 0.5, 0.666667, 0.833333, 1, 1, 
Control points: 7
(24,50), (25,50), (26,50), (27,50), (28,50), (29,50), (30,50), 
Degree: 1
Knots: 4
0, 0, 1, 1, 
Control points: 2
(24,50), (30,50), 
Degree: 3
Knots: 8
0, 0, 0, 0, 1, 1, 1, 1, 
Control points: 4
(24,50), (26,50), (28,50), (30,50), 
Degree: 1
Knots: 9
0, 0, 0.166667, 0.333333, 0.5, 0.666667, 0.833333, 1, 1, 
Control points: 7
(25,50), (26,50), (27,50), (28,50), (29,50), (30,50), (31,50), 
Degree: 1
Knots: 4
0, 0, 1, 1, 
Control points: 2
(25,50), (31,50), 
Degree: 3
Knots: 8
0, 0, 0, 0, 1, 1, 1, 1, 
Control points: 4
(25,50), (27,50), (29,50), (31,50), 
Degree: 1
Knots: 9
0, 0, 0.166667, 0.333333, 0.5, 0.666667, 0.833333, 1, 1, 
Control points: 7
(26,50), (27,50), (28,50), (29,50), (30,50), (31,50), (32,50), 
Degree: 1
Knots: 4
0, 0, 1, 1, 
Control points: 2
(26,50), (32,50), 
Degree: 3
Knots: 8
0, 0, 0, 0, 1, 1, 1, 1, 
Control points: 4
(26,50), (28,50), (30,50), (32,50), 
Degree: 1
Knots: 9
0, 0, 0.166667, 0.333333, 0.5, 0.666667, 0.833333, 1, 1, 
Control points: 7
(27,50), (28,50), (29,50), (30,50), (31,50), (32,50), (33,50), 
Degree: 1
Knots: 4
0, 0, 1, 1, 
Control points: 2
(27,50), (33,50), 
Degree: 3
Knots: 8
0, 0, 0, 0, 1, 1, 1, 1, 
Control points: 4
(27,50), (29,50), (31,50), (33,50), 
Degree: 1
Knots: 9
0, 0, 0.166667, 0.333333, 0.5, 0.666667, 0.833333, 1, 1, 
Control points: 7
(28,50), (29,50), (30,50), (31,50), (32,50), (33,50), (34,50), 
Degree: 1
Knots: 4
0, 0, 1, 1, 
Control points: 2
(28,50), (34,50), 
Degree: 3
Knots: 8
0, 0, 0, 0, 1, 1, 1, 1, 
Control points: 4
(28,50), (30,50), (32,50), (34,50), 
Degree: 1
Knots: 9
0, 0, 0.166667, 0.333333, 0.5, 0.666667, 0.833333, 1, 1, 
Control points: 7
(29,50), (30,50), (31,50), (32,50), (33,50), (34,50), (35,50), 
Degree: 1
Knots: 4
0, 0, 1, 1, 
Control points: 2
(29,50), (35,50), 
Degree: 3
Knots: 8
0, 0, 0, 0, 1, 1, 1, 1, 
Control points: 4
(29,50), (31,50), (33,50), (35,50), 
Degree: 1
Knots: 9
0, 0, 0.166667, 0.333333, 0.5, 0.666667, 0.833333, 1, 1, 
Control points: 7
(30,50), (31,50), (32,50), (33,50), (34,50), (35,50), (36,50), 
Degree: 1
Knots: 4
0, 0, 1, 1, 
Control points: 2
(30,50), (36,50), 
Degree: 3
Knots: 8
0, 0, 0, 0, 1, 1, 1, 1, 
Control points: 4
(30,50), (32,50), (34,50), (36,50), 
Degree: 1
Knots: 9
0, 0, 0.166667, 0.333333, 0.5, 0.666667, 0.833333, 1, 1, 
Control points: 7
(31,50), (32,50), (33,50), (34,50), (35,50), (36,50), (37,50), 
Degree: 1
Knots: 4
0, 0, 1, 1, 
Control points: 2
(31,50), (37,50), 
Degree: 3
Knots: 8
0, 0, 0, 0, 1, 1, 1, 1, 
Control points: 4
(31,50), (33,50), (35,50), (37,50), 
Degree: 1
Knots: 9
0, 0, 0.166667, 0.333333, 0.5, 0.666667, 0.833333, 1, 1, 
Control points: 7
(32,50), (33,50), (34,50), (35,50), (36,50), (37,50), (38,50), 
Degree: 1
Knots: 4
0, 0, 1, 1, 
Control points: 2
(32,50), (38,50), 
Degree: 3
Knots: 8
0, 0, 0, 0, 1, 1, 1, 1, 
Control points: 4
(32,50), (34,50), (36,50), (38,50), 
Degree: 1
Knots: 9
0, 0, 0.166667, 0.333333, 0.5, 0.666667, 0.833333, 1, 1, 
Control points: 7
(33,50), (34,50), (35,50), (36,50), (37,50), (38,50), (39,50), 
Degree: 1
Knots: 4
0, 0, 1, 1, 
Control points: 2
(33,50), (39,50), 
Degree: 3
Knots: 8
0, 0, 0, 0, 1, 1, 1, 1, 
Control points: 4
(33,50), (35,50), (37,50), (39,50), 
Degree: 1
Knots: 9
0, 0, 0.166667, 0.333333, 0.5, 0.666667, 0.833333, 1, 1, 
Control points: 7
(34,50), (35,50), (36,50), (37,50), (38,50), (39,50), (40,50), 
Degree: 1
Knots: 4
0, 0, 1, 1, 
Control points: 2
(34,50), (40,50), 
Degree: 3
Knots: 8
0, 0, 0, 0, 1, 1, 1, 1, 
Control points: 4
(34,50), (36,50), (38,50), (40,50), 
Degree: 1
Knots: 9
0, 0, 0.166667, 0.333333, 0.5, 0.666667, 0.833333, 1, 1, 
Control points: 7
(35,50), (36,50), (37,50), (38,50), (39,50), (40,50), (41,50), 
Degree: 1
Knots: 4
0, 0, 1, 1, 
Control points: 2
(35,50), (41,50), 
Degree: 3
Knots: 8
0, 0, 0, 0, 1, 1, 1, 1, 
Control points: 4
(35,50), (37,50), (39,50), (41,50), 
Degree: 1
Knots: 9
0, 0, 0.166667, 0.333333, 0.5, 0.666667, 0.833333, 1, 1, 
Control points: 7
(36,50), (37,50), (38,50), (39,50), (40,50), (41,50), (42,50), 
Degree: 1
Knots: 4
0, 0, 1, 1, 
Control points: 2
(36,50), (42,50), 
Degree: 3
Knots: 8
0, 0, 0, 0, 1, 1, 1, 1, 
Control points: 4
(36,50), (38,50), (40,50), (42,50), 
Degree: 1
Knots: 9
0, 0, 0.166667, 0.333333, 0.5, 0.666667, 0.833333, 1, 1, 
Control points: 7
(37,50), (38,50), (39,50), (40,50), (41,50), (42,50), (43,50), 
Degree: 1
Knots: 4
0, 0, 1, 1, 
Control points: 2
(37,50), (43,50), 
Degree: 3
Knots: 8
0, 0, 0, 0, 1, 1, 1, 1, 
Control points: 4
(37,50), (39,50), (41,50), (43,50), 
Degree: 1
Knots: 9
0, 0, 0.166667, 0.333333, 0.5, 0.666667, 0.833333, 1, 1, 
Control points: 7
(38,50), (39,50), (40,50), (41,50), (42,50), (43,50), (44,50), 
Degree: 1
Knots: 4
0, 0, 1, 1, 
Control points: 2
(38,50), (44,50), 
Degree: 3
Knots: 8
0, 0, 0, 0, 1, 1, 1, 1, 
Control points: 4
(38,50), (40,50), (42,50), (44,50), 
Degree: 1
Knots: 9
0, 0, 0.166667, 0.333333, 0.5, 0.666667, 0.833333, 1, 1, 
Control points: 7
(39,50), (40,50), (41,50), (42,50), (43,50), (44,50), (45,50), 
Degree: 1
Knots: 4
0, 0, 1, 1, 
Control points: 2
(39,50), (45,50), 
Degree: 3
Knots: 8
0, 0, 0, 0, 1, 1, 1, 1, 
Control points: 4
(39,50), (41,50), (43,50), (45,50), 
Degree: 1
Knots: 9
0, 0, 0.166667, 0.333333, 0.5, 0.666667, 0.833333, 1, 1, 
Control points: 7
(40,50), (41,50), (42,50), (43,50), (44,50), (45,50), (46,50), 
Degree: 1
Knots: 4
0, 0, 1, 1, 
Control points: 2
(40,50), (46,50), 
Degree: 3
Knots: 8
0, 0, 0, 0, 1, 1, 1, 1, 
Control points: 4
(40,50), (42,50), (44,50), (46,50), 
Degree: 1
Knots: 9
0, 0, 0.166667, 0.333333, 0.5, 0.666667, 0.833333, 1, 1, 
Control points: 7
(41,50), (42,50), (43,50), (44,50), (45,50), (46,50), (47,50), 
Degree: 1
Knots: 4
0, 0, 1, 1, 
Control points: 2
(41,50), (47,50), 
Degree: 3
Knots: 8
0, 0, 0, 0, 1, 1, 1, 1, 
Control points: 4
(41,50), (43,50), (45,50), (47,50), 
Degree: 1
Knots: 9
0, 0, 0.166667, 0.333333, 0.5, 0.666667, 0.833333, 1, 1, 
Control points: 7
(42,50), (43,50), (44,50), (45,50), (46,50), (47,50), (48,50), 
Degree: 1
Knots: 4
0, 0, 1, 1, 
Control points: 2
(42,50), (48,50), 
Degree: 3
Knots: 8
0, 0, 0, 0, 1, 1, 1, 1, 
Control points: 4
(42,50), (44,50), (46,50), (48,50), 
Degree: 1
Knots: 9
0, 0, 0.166667, 0.333333, 0.5, 0.666667, 0.833333, 1, 1, 
Control points: 7
(43,50), (44,50), (45,50), (46,50), (47,50), (48,50), (49,50), 
Degree: 1
Knots: 4
0, 0, 1, 1, 
Control points: 2
(43,50), (49,50), 
Degree: 3
Knots: 8
0, 0, 0, 0, 1, 1, 1, 1, 
Control points: 4
(43,50), (45,50), (47,50), (49,50), 
Degree: 1
Knots: 9
0, 0, 0.166667, 0.333333, 0.5, 0.666667, 0.833333, 1, 1, 
Control points: 7
(44,50), (45,50), (46,50), (47,50), (48,50), (49,50), (50,50), 
Degree: 1
Knots: 4
0, 0, 1, 1, 
Control points: 2
(44,50), (50,50), 
Degree: 3
Knots: 8
0, 0, 0, 0, 1, 1, 1, 1, 
Control points: 4
(44,50), (46,50), (48,50), (50,50), 
Degree: 1
Knots: 9
0, 0, 0.166667, 0.333333, 0.5, 0.666667, 0.833333, 1, 1, 
Control points: 7
(45,50), (46,50), (47,50), (48,50), (49,50), (50,50), (50,49), 
Degree: 1
Knots: 6
0, 0, 0.5, 0.833333, 1, 1, 
Control points: 4
(45.0574,50.0574), (48.0016,50.0016), (49.6873,49.6873), (50.3504,49.3504), 
Degree: 3
Knots: 8
0, 0, 0, 0, 1, 1, 1, 1, 
Control points: 4
(45.0476,50.0476), (46.4365,49.4365), (50.1111,51.1111), (50.0714,49.0714), 
Degree: 1
Knots: 9
0, 0, 0.166667, 0.333333, 0.5, 0.666667, 0.833333, 1, 1, 
Control points: 7
(46,50), (47,50), (48,50), (49,50), (50,50), (50,49), (50,48), 
Degree: 1
Knots: 6
0, 0, 0.5, 0.833333, 1, 1, 
Control points: 4
(46.0435,50.0435), (49.05,50.05), (50.0597,49.0597), (50.1985,48.1985), 
Degree: 3
Knots: 8
0, 0, 0, 0, 1, 1, 1, 1, 
Control points: 4
(46,50), (47.746,49.746), (51.0635,51.0635), (49.9524,47.9524), 
Degree: 1
Knots: 9
0, 0, 0.166667, 0.333333, 0.5, 0.666667, 0.833333, 1, 1, 
Control points: 7
(47,50), (48,50), (49,50), (50,50), (50,49), (50,48), (50,47), 
Degree: 1
Knots: 5
0, 0, 0.5, 1, 1, 
Control points: 3
(47.2359,50.236), (49.6854,49.6854), (50.2359,47.2359), 
Degree: 3
Knots: 8
0, 0, 0, 0, 1, 1, 1, 1, 
Control points: 4
(46.9286,49.9286), (49.6429,50.6429), (50.6429,49.6429), (49.9286,46.9286), 
Degree: 1
Knots: 9
0, 0, 0.166667, 0.333333, 0.5, 0.666667, 0.833333, 1, 1, 
Control points: 7
(48,50), (49,50), (50,50), (50,49), (50,48), (50,47), (50,46), 
Degree: 1
Knots: 6
0, 0, 0.333333, 0.5, 1, 1, 
Control points: 4
(48.2989,50.2989), (49.6242,49.6242), (49.9476,48.9476), (50.1101,46.1101), 
Degree: 3
Knots: 8
0, 0, 0, 0, 1, 1, 1, 1, 
Control points: 4
(47.9524,49.9524), (51.0635,51.0635), (49.746,47.746), (50,46), 
Degree: 1
Knots: 9
0, 0, 0.166667, 0.333333, 0.5, 0.666667, 0.833333, 1, 1, 
Control points: 7
(49,50), (50,50), (50,49), (50,48), (50,47), (50,46), (50,45), 
Degree: 1
Knots: 6
0, 0, 0.333333, 0.5, 1, 1, 
Control points: 4
(49.3201,50.3201), (49.9338,48.9338), (50.0391,48.0391), (50.0205,45.0205), 
Degree: 3
Knots: 8
0, 0, 0, 0, 1, 1, 1, 1, 
Control points: 4
(49.0714,50.0714), (51.1111,50.1111), (49.4365,46.4365), (50.0476,45.0476), 
Degree: 1
Knots: 9
0, 0, 0.166667, 0.333333, 0.5, 0.666667, 0.833333, 1, 1, 
Control points: 7
(50,50), (50,49), (50,48), (50,47), (50,46), (50,45), (50,44), 
Degree: 1
Knots: 4
0, 0, 1, 1, 
Control points: 2
(50,50), (50,44), 
Degree: 3
Knots: 8
0, 0, 0, 0, 1, 1, 1, 1, 
Control points: 4
(50,50), (50,48), (50,46), (50,44), 
Degree: 1
Knots: 9
0, 0, 0.166667, 0.333333, 0.5, 0.666667, 0.833333, 1, 1, 
Control points: 7
(50,49), (50,48), (50,47), (50,46), (50,45), (50,44), (50,43), 
Degree: 1
Knots: 4
0, 0, 1, 1, 
Control points: 2
(50,49), (50,43), 
Degree: 3
Knots: 8
0, 0, 0, 0, 1, 1, 1, 1, 
Control points: 4
(50,49), (50,47), (50,45), (50,43), 
Degree: 1
Knots: 9
0, 0, 0.166667, 0.333333, 0.5, 0.666667, 0.833333, 1, 1, 
Control points: 7
(50,48), (50,47), (50,46), (50,45), (50,44), (50,43), (50,42), 
Degree: 1
Knots: 4
0, 0, 1, 1, 
Control points: 2
(50,48), (50,42), 
Degree: 3
Knots: 8
0, 0, 0, 0, 1, 1, 1, 1, 
Control points: 4
(50,48), (50,46), (50,44), (50,42), 
Degree: 1
Knots: 9
0, 0, 0.166667, 0.333333, 0.5, 0.666667, 0.833333, 1, 1, 
Control points: 7
(50,47), (50,46), (50,45), (50,44), (50,43), (50,42), (50,41), 
Degree: 1
Knots: 4
0, 0, 1, 1, 
Control points: 2
(50,47), (50,41), 
Degree: 3
Knots: 8
0, 0, 0, 0, 1, 1, 1, 1, 
Control points: 4
(50,47), (50,45), (50,43), (50,41), 
Degree: 1
Knots: 9
0, 0, 0.166667, 0.333333, 0.5, 0.666667, 0.833333, 1, 1, 
Control points: 7
(50,46), (50,45), (50,44), (50,43), (50,42), (50,41), (50,40), 
Degree: 1
Knots: 4
0, 0, 1, 1, 
Control points: 2
(50,46), (50,40), 
Degree: 3
Knots: 8
0, 0, 0, 0, 1, 1, 1, 1, 
Control points: 4
(50,46), (50,44), (50,42), (50,40), 
Degree: 1
Knots: 9
0, 0, 0.166667, 0.333333, 0.5, 0.666667, 0.833333, 1, 1, 
Control points: 7
(50,45), (50,44), (50,43), (50,42), (50,41), (50,40), (50,39), 
Degree: 1
Knots: 4
0, 0, 1, 1, 
Control points: 2
(50,45), (50,39), 
Degree: 3
Knots: 8
0, 0, 0, 0, 1, 1, 1, 1, 
Control points: 4
(50,45), (50,43), (50,41), (50,39), 
Degree: 1
Knots: 9
0, 0, 0.166667, 0.333333, 0.5, 0.666667, 0.833333, 1, 1, 
Control points: 7
(50,44), (50,43), (50,42), (50,41), (50,40), (50,39), (50,38), 
Degree: 1
Knots: 4
0, 0, 1, 1, 
Control points: 2
(50,44), (50,38), 
Degree: 3
Knots: 8
0, 0, 0, 0, 1, 1, 1, 1, 
Control points: 4
(50,44), (50,42), (50,40), (50,38), 
Degree: 1
Knots: 9
0, 0, 0.166667, 0.333333, 0.5, 0.666667, 0.833333, 1, 1, 
Control points: 7
(50,43), (50,42), (50,41), (50,40), (50,39), (50,38), (50,37), 
Degree: 1
Knots: 4
0, 0, 1, 1, 
Control points: 2
(50,43), (50,37), 
Degree: 3
Knots: 8
0, 0, 0, 0, 1, 1, 1, 1, 
Control points: 4
(50,43), (50,41), (50,39), (50,37), 
Degree: 1
Knots: 9
0, 0, 0.166667, 0.333333, 0.5, 0.666667, 0.833333, 1, 1, 
Control points: 7
(50,42), (50,41), (50,40), (50,39), (50,38), (50,37), (50,36), 
Degree: 1
Knots: 4
0, 0, 1, 1, 
Control points: 2
(50,42), (50,36), 
Degree: 3
Knots: 8
0, 0, 0, 0, 1, 1, 1, 1, 
Control points: 4
(50,42), (50,40), (50,38), (50,36), 
Degree: 1
Knots: 9
0, 0, 0.166667, 0.333333, 0.5, 0.666667, 0.833333, 1, 1, 
Control points: 7
(50,41), (50,40), (50,39), (50,38), (50,37), (50,36), (50,35), 
Degree: 1
Knots: 4
0, 0, 1, 1, 
Control points: 2
(50,41), (50,35), 
Degree: 3
Knots: 8
0, 0, 0, 0, 1, 1, 1, 1, 
Control points: 4
(50,41), (50,39), (50,37), (50,35), 
Degree: 1
Knots: 9
0, 0, 0.166667, 0.333333, 0.5, 0.666667, 0.833333, 1, 1, 
Control points: 7
(50,40), (50,39), (50,38), (50,37), (50,36), (50,35), (50,34), 
Degree: 1
Knots: 4
0, 0, 1, 1, 
Control points: 2
(50,40), (50,34), 
Degree: 3
Knots: 8
0, 0, 0, 0, 1, 1, 1, 1, 
Control points: 4
(50,40), (50,38), (50,36), (50,34), 
Degree: 1
Knots: 9
0, 0, 0.166667, 0.333333, 0.5, 0.666667, 0.833333, 1, 1, 
Control points: 7
(50,39), (50,38), (50,37), (50,36), (50,35), (50,34), (50,33), 
Degree: 1
Knots: 4
0, 0, 1, 1, 
Control points: 2
(50,39), (50,33), 
Degree: 3
Knots: 8
0, 0, 0, 0, 1, 1, 1, 1, 
Control points: 4
(50,39), (50,37), (50,35), (50,33), 
Degree: 1
Knots: 9
0, 0, 0.166667, 0.333333, 0.5, 0.666667, 0.833333, 1, 1, 
Control points: 7
(50,38), (50,37), (50,36), (50,35), (50,34), (50,33), (50,32), 
Degree: 1
Knots: 4
0, 0, 1, 1, 
Control points: 2
(50,38), (50,32), 
Degree: 3
Knots: 8
0, 0, 0, 0, 1, 1, 1, 1, 
Control points: 4
(50,38), (50,36), (50,34), (50,32), 
Degree: 1
Knots: 9
0, 0, 0.166667, 0.333333, 0.5, 0.666667, 0.833333, 1, 1, 
Control points: 7
(50,37), (50,36), (50,35), (50,34), (50,33), (50,32), (50,31), 
Degree: 1
Knots: 4
0, 0, 1, 1, 
Control points: 2
(50,37), (50,31), 
Degree: 3
Knots: 8
0, 0, 0, 0, 1, 1, 1, 1, 
Control points: 4
(50,37), (50,35), (50,33), (50,31), 
Degree: 1
Knots: 9
0, 0, 0.166667, 0.333333, 0.5, 0.666667, 0.833333, 1, 1, 
Control points: 7
(50,36), (50,35), (50,34), (50,33), (50,32), (50,31), (50,30), 
Degree: 1
Knots: 4
0, 0, 1, 1, 
Control points: 2
(50,36), (50,30), 
Degree: 3
Knots: 8
0, 0, 0, 0, 1, 1, 1, 1, 
Control points: 4
(50,36), (50,34), (50,32), (50,30), 
Degree: 1
Knots: 9
0, 0, 0.166667, 0.333333, 0.5, 0.666667, 0.833333, 1, 1, 
Control points: 7
(50,35), (50,34), (50,33), (50,32), (50,31), (50,30), (50,29), 
Degree: 1
Knots: 4
0, 0, 1, 1, 
Control points: 2
(50,35), (50,29), 
Degree: 3
Knots: 8
0, 0, 0, 0, 1, 1, 1, 1, 
Control points: 4
(50,35), (50,33), (50,31), (50,29), 
Degree: 1
Knots: 9
0, 0, 0.166667, 0.333333, 0.5, 0.666667, 0.833333, 1, 1, 
Control points: 7
(50,34), (50,33), (50,32), (50,31), (50,30), (50,29), (50,28), 
Degree: 1
Knots: 4
0, 0, 1, 1, 
Control points: 2
(50,34), (50,28), 
Degree: 3
Knots: 8
0, 0, 0, 0, 1, 1, 1, 1, 
Control points: 4
(50,34), (50,32), (50,30), (50,28), 
Degree: 1
Knots: 9
0, 0, 0.166667, 0.333333, 0.5, 0.666667, 0.833333, 1, 1, 
Control points: 7
(50,33), (50,32), (50,31), (50,30), (50,29), (50,28), (50,27), 
Degree: 1
Knots: 4
0, 0, 1, 1, 
Control points: 2
(50,33), (50,27), 
Degree: 3
Knots: 8
0, 0, 0, 0, 1, 1, 1, 1, 
Control points: 4
(50,33), (50,31), (50,29), (50,27), 
Degree: 1
Knots: 9
0, 0, 0.166667, 0.333333, 0.5, 0.666667, 0.833333, 1, 1, 
Control points: 7
(50,32), (50,31), (50,30), (50,29), (50,28), (50,27), (50,26), 
Degree: 1
Knots: 4
0, 0, 1, 1, 
Control points: 2
(50,32), (50,26), 
Degree: 3
Knots: 8
0, 0, 0, 0, 1, 1, 1, 1, 
Control points: 4
(50,32), (50,30), (50,28), (50,26), 
Degree: 1
Knots: 9
0, 0, 0.166667, 0.333333, 0.5, 0.666667, 0.833333, 1, 1, 
Control points: 7
(50,31), (50,30), (50,29), (50,28), (50,27), (50,26), (50,25), 
Degree: 1
Knots: 4
0, 0, 1, 1, 
Control points: 2
(50,31), (50,25), 
Degree: 3
Knots: 8
0, 0, 0, 0, 1, 1, 1, 1, 
Control points: 4
(50,31), (50,29), (50,27), (50,25), 
Degree: 1
Knots: 9
0, 0, 0.166667, 0.333333, 0.5, 0.666667, 0.833333, 1, 1, 
Control points: 7
(50,30), (50,29), (50,28), (50,27), (50,26), (50,25), (50,24), 
Degree: 1
Knots: 4
0, 0, 1, 1, 
Control points: 2
(50,30), (50,24), 
Degree: 3
Knots: 8
0, 0, 0, 0, 1, 1, 1, 1, 
Control points: 4
(50,30), (50,28), (50,26), (50,24), 
Degree: 1
Knots: 9
0, 0, 0.166667, 0.333333, 0.5, 0.666667, 0.833333, 1, 1, 
Control points: 7
(50,29), (50,28), (50,27), (50,26), (50,25), (50,24), (50,23), 
Degree: 1
Knots: 4
0, 0, 1, 1, 
Control points: 2
(50,29), (50,23), 
Degree: 3
Knots: 8
0, 0, 0, 0, 1, 1, 1, 1, 
Control points: 4
(50,29), (50,27), (50,25), (50,23), 
Degree: 1
Knots: 9
0, 0, 0.166667, 0.333333, 0.5, 0.666667, 0.833333, 1, 1, 
Control points: 7
(50,28), (50,27), (50,26), (50,25), (50,24), (50,23), (50,22), 
Degree: 1
Knots: 4
0, 0, 1, 1, 
Control points: 2
(50,28), (50,22), 
Degree: 3
Knots: 8
0, 0, 0, 0, 1, 1, 1, 1, 
Control points: 4
(50,28), (50,26), (50,24), (50,22), 
Degree: 1
Knots: 9
0, 0, 0.166667, 0.333333, 0.5, 0.666667, 0.833333, 1, 1, 
Control points: 7
(50,27), (50,26), (50,25), (50,24), (50,23), (50,22), (50,21), 
Degree: 1
Knots: 4
0, 0, 1, 1, 
Control points: 2
(50,27), (50,21), 
Degree: 3
Knots: 8
0, 0, 0, 0, 1, 1, 1, 1, 
Control points: 4
(50,27), (50,25), (50,23), (50,21), 
Degree: 1
Knots: 9
0, 0, 0.166667, 0.333333, 0.5, 0.666667, 0.833333, 1, 1, 
Control points: 7
(50,26), (50,25), (50,24), (50,23), (50,22), (50,21), (50,20), 
Degree: 1
Knots: 4
0, 0, 1, 1, 
Control points: 2
(50,26), (50,20), 
Degree: 3
Knots: 8
0, 0, 0, 0, 1, 1, 1, 1, 
Control points: 4
(50,26), (50,24), (50,22), (50,20), 
Degree: 1
Knots: 9
0, 0, 0.166667, 0.333333, 0.5, 0.666667, 0.833333, 1, 1, 
Control points: 7
(50,25), (50,24), (50,23), (50,22), (50,21), (50,20), (50,19), 
Degree: 1
Knots: 4
0, 0, 1, 1, 
Control points: 2
(50,25), (50,19), 
Degree: 3
Knots: 8
0, 0, 0, 0, 1, 1, 1, 1, 
Control points: 4
(50,25), (50,23), (50,21), (50,19), 
Degree: 1
Knots: 9
0, 0, 0.166667, 0.333333, 0.5, 0.666667, 0.833333, 1, 1, 
Control points: 7
(50,24), (50,23), (50,22), (50,21), (50,20), (50,19), (50,18), 
Degree: 1
Knots: 4
0, 0, 1, 1, 
Control points: 2
(50,24), (50,18), 
Degree: 3
Knots: 8
0, 0, 0, 0, 1, 1, 1, 1, 
Control points: 4
(50,24), (50,22), (50,20), (50,18), 
Degree: 1
Knots: 9
0, 0, 0.166667, 0.333333, 0.5, 0.666667, 0.833333, 1, 1, 
Control points: 7
(50,23), (50,22), (50,21), (50,20), (50,19), (50,18), (50,17), 
Degree: 1
Knots: 4
0, 0, 1, 1, 
Control points: 2
(50,23), (50,17), 
Degree: 3
Knots: 8
0, 0, 0, 0, 1, 1, 1, 1, 
Control points: 4
(50,23), (50,21), (50,19), (50,17), 
Degree: 1
Knots: 9
0, 0, 0.166667, 0.333333, 0.5, 0.666667, 0.833333, 1, 1, 
Control points: 7
(50,22), (50,21), (50,20), (50,19), (50,18), (50,17), (50,16), 
Degree: 1
Knots: 4
0, 0, 1, 1, 
Control points: 2
(50,22), (50,16), 
Degree: 3
Knots: 8
0, 0, 0, 0, 1, 1, 1, 1, 
Control points: 4
(50,22), (50,20), (50,18), (50,16), 
Degree: 1
Knots: 9
0, 0, 0.166667, 0.333333, 0.5, 0.666667, 0.833333, 1, 1, 
Control points: 7
(50,21), (50,20), (50,19), (50,18), (50,17), (50,16), (50,15), 
Degree: 1
Knots: 4
0, 0, 1, 1, 
Control points: 2
(50,21), (50,15), 
Degree: 3
Knots: 8
0, 0, 0, 0, 1, 1, 1, 1, 
Control points: 4
(50,21), (50,19), (50,17), (50,15), 
Degree: 1
Knots: 9
0, 0, 0.166667, 0.333333, 0.5, 0.666667, 0.833333, 1, 1, 
Control points: 7
(50,20), (50,19), (50,18), (50,17), (50,16), (50,15), (50,14), 
Degree: 1
Knots: 4
0, 0, 1, 1, 
Control points: 2
(50,20), (50,14), 
Degree: 3
Knots: 8
0, 0, 0, 0, 1, 1, 1, 1, 
Control points: 4
(50,20), (50,18), (50,16), (50,14), 
Degree: 1
Knots: 9
0, 0, 0.166667, 0.333333, 0.5, 0.666667, 0.833333, 1, 1, 
Control points: 7
(50,19), (50,18), (50,17), (50,16), (50,15), (50,14), (50,13), 
Degree: 1
Knots: 4
0, 0, 1, 1, 
Control points: 2
(50,19), (50,13), 
Degree: 3
Knots: 8
0, 0, 0, 0, 1, 1, 1, 1, 
Control points: 4
(50,19), (50,17), (50,15), (50,13), 
Degree: 1
Knots: 9
0, 0, 0.166667, 0.333333, 0.5, 0.666667, 0.833333, 1, 1, 
Control points: 7
(50,18), (50,17), (50,16), (50,15), (50,14), (50,13), (50,12), 
Degree: 1
Knots: 4
0, 0, 1, 1, 
Control points: 2
(50,18), (50,12), 
Degree: 3
Knots: 8
0, 0, 0, 0, 1, 1, 1, 1, 
Control points: 4
(50,18), (50,16), (50,14), (50,12), 
Degree: 1
Knots: 9
0, 0, 0.166667, 0.333333, 0.5, 0.666667, 0.833333, 1, 1, 
Control points: 7
(50,17), (50,16), (50,15), (50,14), (50,13), (50,12), (50,11), 
Degree: 1
Knots: 4
0, 0, 1, 1, 
Control points: 2
(50,17), (50,11), 
Degree: 3
Knots: 8
0, 0, 0, 0, 1, 1, 1, 1, 
Control points: 4
(50,17), (50,15), (50,13), (50,11), 
Degree: 1
Knots: 9
0, 0, 0.166667, 0.333333, 0.5, 0.666667, 0.833333, 1, 1, 
Control points: 7
(50,16), (50,15), (50,14), (50,13), (50,12), (50,11), (50,10), 
Degree: 1
Knots: 4
0, 0, 1, 1, 
Control points: 2
(50,16), (50,10), 
Degree: 3
Knots: 8
0, 0, 0, 0, 1, 1, 1, 1, 
Control points: 4
(50,16), (50,14), (50,12), (50,10), 
Degree: 1
Knots: 9
0, 0, 0.166667, 0.333333, 0.5, 0.666667, 0.833333, 1, 1, 
Control points: 7
(50,15), (50,14), (50,13), (50,12), (50,11), (50,10), (50,9), 
Degree: 1
Knots: 4
0, 0, 1, 1, 
Control points: 2
(50,15), (50,9), 
Degree: 3
Knots: 8
0, 0, 0, 0, 1, 1, 1, 1, 
Control points: 4
(50,15), (50,13), (50,11), (50,9), 
Degree: 1
Knots: 9
0, 0, 0.166667, 0.333333, 0.5, 0.666667, 0.833333, 1, 1, 
Control points: 7
(50,14), (50,13), (50,12), (50,11), (50,10), (50,9), (50,8), 
Degree: 1
Knots: 4
0, 0, 1, 1, 
Control points: 2
(50,14), (50,8), 
Degree: 3
Knots: 8
0, 0, 0, 0, 1, 1, 1, 1, 
Control points: 4
(50,14), (50,12), (50,10), (50,8), 
Degree: 1
Knots: 9
0, 0, 0.166667, 0.333333, 0.5, 0.666667, 0.833333, 1, 1, 
Control points: 7
(50,13), (50,12), (50,11), (50,10), (50,9), (50,8), (50,7), 
Degree: 1
Knots: 4
0, 0, 1, 1, 
Control points: 2
(50,13), (50,7), 
Degree: 3
Knots: 8
0, 0, 0, 0, 1, 1, 1, 1, 
Control points: 4
(50,13), (50,11), (50,9), (50,7), 
Degree: 1
Knots: 9
0, 0, 0.166667, 0.333333, 0.5, 0.666667, 0.833333, 1, 1, 
Control points: 7
(50,12), (50,11), (50,10), (50,9), (50,8), (50,7), (50,6), 
Degree: 1
Knots: 4
0, 0, 1, 1, 
Control points: 2
(50,12), (50,6), 
Degree: 3
Knots: 8
0, 0, 0, 0, 1, 1, 1, 1, 
Control points: 4
(50,12), (50,10), (50,8), (50,6), 
Degree: 1
Knots: 9
0, 0, 0.166667, 0.333333, 0.5, 0.666667, 0.833333, 1, 1, 
Control points: 7
(50,11), (50,10), (50,9), (50,8), (50,7), (50,6), (50,5), 
Degree: 1
Knots: 4
0, 0, 1, 1, 
Control points: 2
(50,11), (50,5), 
Degree: 3
Knots: 8
0, 0, 0, 0, 1, 1, 1, 1, 
Control points: 4
(50,11), (50,9), (50,7), (50,5), 
Degree: 1
Knots: 9
0, 0, 0.166667, 0.333333, 0.5, 0.666667, 0.833333, 1, 1, 
Control points: 7
(50,10), (50,9), (50,8), (50,7), (50,6), (50,5), (50,4), 
Degree: 1
Knots: 4
0, 0, 1, 1, 
Control points: 2
(50,10), (50,4), 
Degree: 3
Knots: 8
0, 0, 0, 0, 1, 1, 1, 1, 
Control points: 4
(50,10), (50,8), (50,6), (50,4), 
Degree: 1
Knots: 9
0, 0, 0.166667, 0.333333, 0.5, 0.666667, 0.833333, 1, 1, 
Control points: 7
(50,9), (50,8), (50,7), (50,6), (50,5), (50,4), (50,3), 
Degree: 1
Knots: 4
0, 0, 1, 1, 
Control points: 2
(50,9), (50,3), 
Degree: 3
Knots: 8
0, 0, 0, 0, 1, 1, 1, 1, 
Control points: 4
(50,9), (50,7), (50,5), (50,3), 
Degree: 1
Knots: 9
0, 0, 0.166667, 0.333333, 0.5, 0.666667, 0.833333, 1, 1, 
Control points: 7
(50,8), (50,7), (50,6), (50,5), (50,4), (50,3), (50,2), 
Degree: 1
Knots: 4
0, 0, 1, 1, 
Control points: 2
(50,8), (50,2), 
Degree: 3
Knots: 8
0, 0, 0, 0, 1, 1, 1, 1, 
Control points: 4
(50,8), (50,6), (50,4), (50,2), 
Degree: 1
Knots: 9
0, 0, 0.166667, 0.333333, 0.5, 0.666667, 0.833333, 1, 1, 
Control points: 7
(50,7), (50,6), (50,5), (50,4), (50,3), (50,2), (50,1), 
Degree: 1
Knots: 4
0, 0, 1, 1, 
Control points: 2
(50,7), (50,1), 
Degree: 3
Knots: 8
0, 0, 0, 0, 1, 1, 1, 1, 
Control points: 4
(50,7), (50,5), (50,3), (50,1), 
Degree: 1
Knots: 9
0, 0, 0.166667, 0.333333, 0.5, 0.666667, 0.833333, 1, 1, 
Control points: 7
(50,6), (50,5), (50,4), (50,3), (50,2), (50,1), (50,0), 
Degree: 1
Knots: 4
0, 0, 1, 1, 
Control points: 2
(50,6), (50,-9.64163e-008), 
Degree: 3
Knots: 8
0, 0, 0, 0, 1, 1, 1, 1, 
Control points: 4
(50,6), (50,4), (50,2), (50,-4.61557e-009), 
Degree: 1
Knots: 9
0, 0, 0.166667, 0.333333, 0.5, 0.666667, 0.833333, 1, 1, 
Control points: 7
(50,5), (50,4), (50,3), (50,2), (50,1), (50,0), (49,0), 
Degree: 1
Knots: 6
0, 0, 0.5, 0.833333, 1, 1, 
Control points: 4
(50.0574,4.94257), (50.0016,1.99845), (49.6873,0.312744), (49.3504,-0.35038), 
Degree: 3
Knots: 8
0, 0, 0, 0, 1, 1, 1, 1, 
Control points: 4
(50.0476,4.95238), (49.4365,3.56349), (51.1111,-0.111111), (49.0714,-0.0714285), 
Degree: 1
Knots: 9
0, 0, 0.166667, 0.333333, 0.5, 0.666667, 0.833333, 1, 1, 
Control points: 7
(50,4), (50,3), (50,2), (50,1), (50,0), (49,0), (48,0), 
Degree: 1
Knots: 6
0, 0, 0.5, 0.833333, 1, 1, 
Control points: 4
(50.0435,3.95652), (50.05,0.949984), (49.0597,-0.0596963), (48.1984,-0.198451), 
Degree: 3
Knots: 8
0, 0, 0, 0, 1, 1, 1, 1, 
Control points: 4
(50,4), (49.746,2.25397), (51.0635,-1.06349), (47.9524,0.047619), 
Degree: 1
Knots: 9
0, 0, 0.166667, 0.333333, 0.5, 0.666667, 0.833333, 1, 1, 
Control points: 7
(50,3), (50,2), (50,1), (50,0), (49,0), (48,0), (47,0), 
Degree: 1
Knots: 5
0, 0, 0.5, 1, 1, 
Control points: 3
(50.2359,2.76405), (49.6854,0.314601), (47.236,-0.23595), 
Degree: 3
Knots: 8
0, 0, 0, 0, 1, 1, 1, 1, 
Control points: 4
(49.9286,3.07143), (50.6429,0.357143), (49.6429,-0.642857), (46.9286,0.0714286), 
Degree: 1
Knots: 9
0, 0, 0.166667, 0.333333, 0.5, 0.666667, 0.833333, 1, 1, 
Control points: 7
(50,2), (50,1), (50,0), (49,0), (48,0), (47,0), (46,0), 
Degree: 1
Knots: 6
0, 0, 0.333333, 0.5, 1, 1, 
Control points: 4
(50.2989,1.70114), (49.6242,0.375787), (48.9476,0.052376), (46.1101,-0.110075), 
Degree: 3
Knots: 8
0, 0, 0, 0, 1, 1, 1, 1, 
Control points: 4
(49.9524,2.04762), (51.0635,-1.06349), (47.746,0.253968), (46,1.23878e-008), 
Degree: 1
Knots: 9
0, 0, 0.166667, 0.333333, 0.5, 0.666667, 0.833333, 1, 1, 
Control points: 7
(50,1), (50,0), (49,0), (48,0), (47,0), (46,0), (45,0), 
Degree: 1
Knots: 6
0, 0, 0.333333, 0.5, 1, 1, 
Control points: 4
(50.3201,0.679906), (48.9337,0.0662489), (48.0391,-0.0390998), (45.0205,-0.0205166), 
Degree: 3
Knots: 8
0, 0, 0, 0, 1, 1, 1, 1, 
Control points: 4
(50.0714,0.928571), (50.1111,-1.11111), (46.4365,0.563492), (45.0476,-0.047619), 
Degree: 1
Knots: 9
0, 0, 0.166667, 0.333333, 0.5, 0.666667, 0.833333, 1, 1, 
Control points: 7
(50,0), (49,0), (48,0), (47,0), (46,0), (45,0), (44,0), 
Degree: 1
Knots: 4
0, 0, 1, 1, 
Control points: 2
(50,0), (44,0), 
Degree: 3
Knots: 8
0, 0, 0, 0, 1, 1, 1, 1, 
Control points: 4
(50,0), (48,0), (46,0), (44,0), 
Degree: 1
Knots: 9
0, 0, 0.166667, 0.333333, 0.5, 0.666667, 0.833333, 1, 1, 
Control points: 7
(49,0), (48,0), (47,0), (46,0), (45,0), (44,0), (43,0), 
Degree: 1
Knots: 4
0, 0, 1, 1, 
Control points: 2
(49,0), (43,0), 
Degree: 3
Knots: 8
0, 0, 0, 0, 1, 1, 1, 1, 
Control points: 4
(49,0), (47,0), (45,0), (43,0), 
Degree: 1
Knots: 9
0, 0, 0.166667, 0.333333, 0.5, 0.666667, 0.833333, 1, 1, 
Control points: 7
(48,0), (47,0), (46,0), (45,0), (44,0), (43,0), (42,0), 
Degree: 1
Knots: 4
0, 0, 1, 1, 
Control points: 2
(48,0), (42,0), 
Degree: 3
Knots: 8
0, 0, 0, 0, 1, 1, 1, 1, 
Control points: 4
(48,0), (46,0), (44,0), (42,0), 
Degree: 1
Knots: 9
0, 0, 0.166667, 0.333333, 0.5, 0.666667, 0.833333, 1, 1, 
Control points: 7
(47,0), (46,0), (45,0), (44,0), (43,0), (42,0), (41,0), 
Degree: 1
Knots: 4
0, 0, 1, 1, 
Control points: 2
(47,0), (41,0), 
Degree: 3
Knots: 8
0, 0, 0, 0, 1, 1, 1, 1, 
Control points: 4
(47,0), (45,0), (43,0), (41,0), 
Degree: 1
Knots: 9
0, 0, 0.166667, 0.333333, 0.5, 0.666667, 0.833333, 1, 1, 
Control points: 7
(46,0), (45,0), (44,0), (43,0), (42,0), (41,0), (40,0), 
Degree: 1
Knots: 4
0, 0, 1, 1, 
Control points: 2
(46,0), (40,0), 
Degree: 3
Knots: 8
0, 0, 0, 0, 1, 1, 1, 1, 
Control points: 4
(46,0), (44,0), (42,0), (40,0), 
Degree: 1
Knots: 9
0, 0, 0.166667, 0.333333, 0.5, 0.666667, 0.833333, 1, 1, 
Control points: 7
(45,0), (44,0), (43,0), (42,0), (41,0), (40,0), (39,0), 
Degree: 1
Knots: 4
0, 0, 1, 1, 
Control points: 2
(45,0), (39,0), 
Degree: 3
Knots: 8
0, 0, 0, 0, 1, 1, 1, 1, 
Control points: 4
(45,0), (43,0), (41,0), (39,0), 
Degree: 1
Knots: 9
0, 0, 0.166667, 0.333333, 0.5, 0.666667, 0.833333, 1, 1, 
Control points: 7
(44,0), (43,0), (42,0), (41,0), (40,0), (39,0), (38,0), 
Degree: 1
Knots: 4
0, 0, 1, 1, 
Control points: 2
(44,0), (38,0), 
Degree: 3
Knots: 8
0, 0, 0, 0, 1, 1, 1, 1, 
Control points: 4
(44,0), (42,0), (40,0), (38,0), 
Degree: 1
Knots: 9
0, 0, 0.166667, 0.333333, 0.5, 0.666667, 0.833333, 1, 1, 
Control points: 7
(43,0), (42,0), (41,0), (40,0), (39,0), (38,0), (37,0), 
Degree: 1
Knots: 4
0, 0, 1, 1, 
Control points: 2
(43,0), (37,0), 
Degree: 3
Knots: 8
0, 0, 0, 0, 1, 1, 1, 1, 
Control points: 4
(43,0), (41,0), (39,0), (37,0), 
Degree: 1
Knots: 9
0, 0, 0.166667, 0.333333, 0.5, 0.666667, 0.833333, 1, 1, 
Control points: 7
(42,0), (41,0), (40,0), (39,0), (38,0), (37,0), (36,0), 
Degree: 1
Knots: 4
0, 0, 1, 1, 
Control points: 2
(42,0), (36,0), 
Degree: 3
Knots: 8
0, 0, 0, 0, 1, 1, 1, 1, 
Control points: 4
(42,0), (40,0), (38,0), (36,0), 
Degree: 1
Knots: 9
0, 0, 0.166667, 0.333333, 0.5, 0.666667, 0.833333, 1, 1, 
Control points: 7
(41,0), (40,0), (39,0), (38,0), (37,0), (36,0), (35,0), 
Degree: 1
Knots: 4
0, 0, 1, 1, 
Control points: 2
(41,0), (35,0), 
Degree: 3
Knots: 8
0, 0, 0, 0, 1, 1, 1, 1, 
Control points: 4
(41,0), (39,0), (37,0), (35,0), 
Degree: 1
Knots: 9
0, 0, 0.166667, 0.333333, 0.5, 0.666667, 0.833333, 1, 1, 
Control points: 7
(40,0), (39,0), (38,0), (37,0), (36,0), (35,0), (34,0), 
Degree: 1
Knots: 4
0, 0, 1, 1, 
Control points: 2
(40,0), (34,0), 
Degree: 3
Knots: 8
0, 0, 0, 0, 1, 1, 1, 1, 
Control points: 4
(40,0), (38,0), (36,0), (34,0), 
Degree: 1
Knots: 9
0, 0, 0.166667, 0.333333, 0.5, 0.666667, 0.833333, 1, 1, 
Control points: 7
(39,0), (38,0), (37,0), (36,0), (35,0), (34,0), (33,0), 
Degree: 1
Knots: 4
0, 0, 1, 1, 
Control points: 2
(39,0), (33,0), 
Degree: 3
Knots: 8
0, 0, 0, 0, 1, 1, 1, 1, 
Control points: 4
(39,0), (37,0), (35,0), (33,0), 
Degree: 1
Knots: 9
0, 0, 0.166667, 0.333333, 0.5, 0.666667, 0.833333, 1, 1, 
Control points: 7
(38,0), (37,0), (36,0), (35,0), (34,0), (33,0), (32,0), 
Degree: 1
Knots: 4
0, 0, 1, 1, 
Control points: 2
(38,0), (32,0), 
Degree: 3
Knots: 8
0, 0, 0, 0, 1, 1, 1, 1, 
Control points: 4
(38,0), (36,0), (34,0), (32,0), 
Degree: 1
Knots: 9
0, 0, 0.166667, 0.333333, 0.5, 0.666667, 0.833333, 1, 1, 
Control points: 7
(37,0), (36,0), (35,0), (34,0), (33,0), (32,0), (31,0), 
Degree: 1
Knots: 4
0, 0, 1, 1, 
Control points: 2
(37,0), (31,0), 
Degree: 3
Knots: 8
0, 0, 0, 0, 1, 1, 1, 1, 
Control points: 4
(37,0), (35,0), (33,0), (31,0), 
Degree: 1
Knots: 9
0, 0, 0.166667, 0.333333, 0.5, 0.666667, 0.833333, 1, 1, 
Control points: 7
(36,0), (35,0), (34,0), (33,0), (32,0), (31,0), (30,0), 
Degree: 1
Knots: 4
0, 0, 1, 1, 
Control points: 2
(36,0), (30,0), 
Degree: 3
Knots: 8
0, 0, 0, 0, 1, 1, 1, 1, 
Control points: 4
(36,0), (34,0), (32,0), (30,0), 
Degree: 1
Knots: 9
0, 0, 0.166667, 0.333333, 0.5, 0.666667, 0.833333, 1, 1, 
Control points: 7
(35,0), (34,0), (33,0), (32,0), (31,0), (30,0), (29,0), 
Degree: 1
Knots: 4
0, 0, 1, 1, 
Control points: 2
(35,0), (29,0), 
Degree: 3
Knots: 8
0, 0, 0, 0, 1, 1, 1, 1, 
Control points: 4
(35,0), (33,0), (31,0), (29,0), 
Degree: 1
Knots: 9
0, 0, 0.166667, 0.333333, 0.5, 0.666667, 0.833333, 1, 1, 
Control points: 7
(34,0), (33,0), (32,0), (31,0), (30,0), (29,0), (28,0), 
Degree: 1
Knots: 4
0, 0, 1, 1, 
Control points: 2
(34,0), (28,0), 
Degree: 3
Knots: 8
0, 0, 0, 0, 1, 1, 1, 1, 
Control points: 4
(34,0), (32,0), (30,0), (28,0), 
Degree: 1
Knots: 9
0, 0, 0.166667, 0.333333, 0.5, 0.666667, 0.833333, 1, 1, 
Control points: 7
(33,0), (32,0), (31,0), (30,0), (29,0), (28,0), (27,0), 
Degree: 1
Knots: 4
0, 0, 1, 1, 
Control points: 2
(33,0), (27,0), 
Degree: 3
Knots: 8
0, 0, 0, 0, 1, 1, 1, 1, 
Control points: 4
(33,0), (31,0), (29,0), (27,0), 
Degree: 1
Knots: 9
0, 0, 0.166667, 0.333333, 0.5, 0.666667, 0.833333, 1, 1, 
Control points: 7
(32,0), (31,0), (30,0), (29,0), (28,0), (27,0), (26,0), 
Degree: 1
Knots: 4
0, 0, 1, 1, 
Control points: 2
(32,0), (26,0), 
Degree: 3
Knots: 8
0, 0, 0, 0, 1, 1, 1, 1, 
Control points: 4
(32,0), (30,0), (28,0), (26,0), 
Degree: 1
Knots: 9
0, 0, 0.166667, 0.333333, 0.5, 0.666667, 0.833333, 1, 1, 
Control points: 7
(31,0), (30,0), (29,0), (28,0), (27,0), (26,0), (25,0), 
Degree: 1
Knots: 4
0, 0, 1, 1, 
Control points: 2
(31,0), (25,0), 
Degree: 3
Knots: 8
0, 0, 0, 0, 1, 1, 1, 1, 
Control points: 4
(31,0), (29,0), (27,0), (25,0), 
Degree: 1
Knots: 9
0, 0, 0.166667, 0.333333, 0.5, 0.666667, 0.833333, 1, 1, 
Control points: 7
(30,0), (29,0), (28,0), (27,0), (26,0), (25,0), (24,0), 
Degree: 1
Knots: 4
0, 0, 1, 1, 
Control points: 2
(30,0), (24,0), 
Degree: 3
Knots: 8
0, 0, 0, 0, 1, 1, 1, 1, 
Control points: 4
(30,0), (28,0), (26,0), (24,0), 
Degree: 1
Knots: 9
0, 0, 0.166667, 0.333333, 0.5, 0.666667, 0.833333, 1, 1, 
Control points: 7
(29,0), (28,0), (27,0), (26,0), (25,0), (24,0), (23,0), 
Degree: 1
Knots: 4
0, 0, 1, 1, 
Control points: 2
(29,0), (23,0), 
Degree: 3
Knots: 8
0, 0, 0, 0, 1, 1, 1, 1, 
Control points: 4
(29,0), (27,0), (25,0), (23,0), 
Degree: 1
Knots: 9
0, 0, 0.166667, 0.333333, 0.5, 0.666667, 0.833333, 1, 1, 
Control points: 7
(28,0), (27,0), (26,0), (25,0), (24,0), (23,0), (22,0), 
Degree: 1
Knots: 4
0, 0, 1, 1, 
Control points: 2
(28,0), (22,0), 
Degree: 3
Knots: 8
0, 0, 0, 0, 1, 1, 1, 1, 
Control points: 4
(28,0), (26,0), (24,0), (22,0), 
Degree: 1
Knots: 9
0, 0, 0.166667, 0.333333, 0.5, 0.666667, 0.833333, 1, 1, 
Control points: 7
(27,0), (26,0), (25,0), (24,0), (23,0), (22,0), (21,0), 
Degree: 1
Knots: 4
0, 0, 1, 1, 
Control points: 2
(27,0), (21,0), 
Degree: 3
Knots: 8
0, 0, 0, 0, 1, 1, 1, 1, 
Control points: 4
(27,0), (25,0), (23,0), (21,0), 
Degree: 1
Knots: 9
0, 0, 0.166667, 0.333333, 0.5, 0.666667, 0.833333, 1, 1, 
Control points: 7
(26,0), (25,0), (24,0), (23,0), (22,0), (21,0), (20,0), 
Degree: 1
Knots: 4
0, 0, 1, 1, 
Control points: 2
(26,0), (20,0), 
Degree: 3
Knots: 8
0, 0, 0, 0, 1, 1, 1, 1, 
Control points: 4
(26,0), (24,0), (22,0), (20,0), 
Degree: 1
Knots: 9
0, 0, 0.166667, 0.333333, 0.5, 0.666667, 0.833333, 1, 1, 
Control points: 7
(25,0), (24,0), (23,0), (22,0), (21,0), (20,0), (19,0), 
Degree: 1
Knots: 4
0, 0, 1, 1, 
Control points: 2
(25,0), (19,0), 
Degree: 3
Knots: 8
0, 0, 0, 0, 1, 1, 1, 1, 
Control points: 4
(25,0), (23,0), (21,0), (19,0), 
Degree: 1
Knots: 9
0, 0, 0.166667, 0.333333, 0.5, 0.666667, 0.833333, 1, 1, 
Control points: 7
(24,0), (23,0), (22,0), (21,0), (20,0), (19,0), (18,0), 
Degree: 1
Knots: 4
0, 0, 1, 1, 
Control points: 2
(24,0), (18,0), 
Degree: 3
Knots: 8
0, 0, 0, 0, 1, 1, 1, 1, 
Control points: 4
(24,0), (22,0), (20,0), (18,0), 
Degree: 1
Knots: 9
0, 0, 0.166667, 0.333333, 0.5, 0.666667, 0.833333, 1, 1, 
Control points: 7
(23,0), (22,0), (21,0), (20,0), (19,0), (18,0), (17,0), 
Degree: 1
Knots: 4
0, 0, 1, 1, 
Control points: 2
(23,0), (17,0), 
Degree: 3
Knots: 8
0, 0, 0, 0, 1, 1, 1, 1, 
Control points: 4
(23,0), (21,0), (19,0), (17,0), 
Degree: 1
Knots: 9
0, 0, 0.166667, 0.333333, 0.5, 0.666667, 0.833333, 1, 1, 
Control points: 7
(22,0), (21,0), (20,0), (19,0), (18,0), (17,0), (16,0), 
Degree: 1
Knots: 4
0, 0, 1, 1, 
Control points: 2
(22,0), (16,0), 
Degree: 3
Knots: 8
0, 0, 0, 0, 1, 1, 1, 1, 
Control points: 4
(22,0), (20,0), (18,0), (16,0), 
Degree: 1
Knots: 9
0, 0, 0.166667, 0.333333, 0.5, 0.666667, 0.833333, 1, 1, 
Control points: 7
(21,0), (20,0), (19,0), (18,0), (17,0), (16,0), (15,0), 
Degree: 1
Knots: 4
0, 0, 1, 1, 
Control points: 2
(21,0), (15,0), 
Degree: 3
Knots: 8
0, 0, 0, 0, 1, 1, 1, 1, 
Control points: 4
(21,0), (19,0), (17,0), (15,0), 
Degree: 1
Knots: 9
0, 0, 0.166667, 0.333333, 0.5, 0.666667, 0.833333, 1, 1, 
Control points: 7
(20,0), (19,0), (18,0), (17,0), (16,0), (15,0), (14,0), 
Degree: 1
Knots: 4
0, 0, 1, 1, 
Control points: 2
(20,0), (14,0), 
Degree: 3
Knots: 8
0, 0, 0, 0, 1, 1, 1, 1, 
Control points: 4
(20,0), (18,0), (16,0), (14,0), 
Degree: 1
Knots: 9
0, 0, 0.166667, 0.333333, 0.5, 0.666667, 0.833333, 1, 1, 
Control points: 7
(19,0), (18,0), (17,0), (16,0), (15,0), (14,0), (13,0), 
Degree: 1
Knots: 4
0, 0, 1, 1, 
Control points: 2
(19,0), (13,0), 
Degree: 3
Knots: 8
0, 0, 0, 0, 1, 1, 1, 1, 
Control points: 4
(19,0), (17,0), (15,0), (13,0), 
Degree: 1
Knots: 9
0, 0, 0.166667, 0.333333, 0.5, 0.666667, 0.833333, 1, 1, 
Control points: 7
(18,0), (17,0), (16,0), (15,0), (14,0), (13,0), (12,0), 
Degree: 1
Knots: 4
0, 0, 1, 1, 
Control points: 2
(18,0), (12,0), 
Degree: 3
Knots: 8
0, 0, 0, 0, 1, 1, 1, 1, 
Control points: 4
(18,0), (16,0), (14,0), (12,0), 
Degree: 1
Knots: 9
0, 0, 0.166667, 0.333333, 0.5, 0.666667, 0.833333, 1, 1, 
Control points: 7
(17,0), (16,0), (15,0), (14,0), (13,0), (12,0), (11,0), 
Degree: 1
Knots: 4
0, 0, 1, 1, 
Control points: 2
(17,0), (11,0), 
Degree: 3
Knots: 8
0, 0, 0, 0, 1, 1, 1, 1, 
Control points: 4
(17,0), (15,0), (13,0), (11,0), 
Degree: 1
Knots: 9
0, 0, 0.166667, 0.333333, 0.5, 0.666667, 0.833333, 1, 1, 
Control points: 7
(16,0), (15,0), (14,0), (13,0), (12,0), (11,0), (10,0), 
Degree: 1
Knots: 4
0, 0, 1, 1, 
Control points: 2
(16,0), (10,0), 
Degree: 3
Knots: 8
0, 0, 0, 0, 1, 1, 1, 1, 
Control points: 4
(16,0), (14,0), (12,0), (10,0), 
Degree: 1
Knots: 9
0, 0, 0.166667, 0.333333, 0.5, 0.666667, 0.833333, 1, 1, 
Control points: 7
(15,0), (14,0), (13,0), (12,0), (11,0), (10,0), (9,0), 
Degree: 1
Knots: 4
0, 0, 1, 1, 
Control points: 2
(15,0), (9,0), 
Degree: 3
Knots: 8
0, 0, 0, 0, 1, 1, 1, 1, 
Control points: 4
(15,0), (13,0), (11,0), (9,0), 
Degree: 1
Knots: 9
0, 0, 0.166667, 0.333333, 0.5, 0.666667, 0.833333, 1, 1, 
Control points: 7
(14,0), (13,0), (12,0), (11,0), (10,0), (9,0), (8,0), 
Degree: 1
Knots: 4
0, 0, 1, 1, 
Control points: 2
(14,0), (8,0), 
Degree: 3
Knots: 8
0, 0, 0, 0, 1, 1, 1, 1, 
Control points: 4
(14,0), (12,0), (10,0), (8,0), 
Degree: 1
Knots: 9
0, 0, 0.166667, 0.333333, 0.5, 0.666667, 0.833333, 1, 1, 
Control points: 7
(13,0), (12,0), (11,0), (10,0), (9,0), (8,0), (7,0), 
Degree: 1
Knots: 4
0, 0, 1, 1, 
Control points: 2
(13,0), (7,0), 
Degree: 3
Knots: 8
0, 0, 0, 0, 1, 1, 1, 1, 
Control points: 4
(13,0), (11,0), (9,0), (7,0), 
Degree: 1
Knots: 9
0, 0, 0.166667, 0.333333, 0.5, 0.666667, 0.833333, 1, 1, 
Control points: 7
(12,0), (11,0), (10,0), (9,0), (8,0), (7,0), (6,0), 
Degree: 1
Knots: 4
0, 0, 1, 1, 
Control points: 2
(12,0), (6,0), 
Degree: 3
Knots: 8
0, 0, 0, 0, 1, 1, 1, 1, 
Control points: 4
(12,0), (10,0), (8,0), (6,0), 
Degree: 1
Knots: 9
0, 0, 0.166667, 0.333333, 0.5, 0.666667, 0.833333, 1, 1, 
Control points: 7
(11,0), (10,0), (9,0), (8,0), (7,0), (6,0), (5,0), 
Degree: 1
Knots: 4
0, 0, 1, 1, 
Control points: 2
(11,0), (5,0), 
Degree: 3
Knots: 8
0, 0, 0, 0, 1, 1, 1, 1, 
Control points: 4
(11,0), (9,0), (7,0), (5,0), 
Degree: 1
Knots: 9
0, 0, 0.166667, 0.333333, 0.5, 0.666667, 0.833333, 1, 1, 
Control points: 7
(10,0), (9,0), (8,0), (7,0), (6,0), (5,0), (4,0), 
Degree: 1
Knots: 4
0, 0, 1, 1, 
Control points: 2
(10,0), (4,0), 
Degree: 3
Knots: 8
0, 0, 0, 0, 1, 1, 1, 1, 
Control points: 4
(10,0), (8,0), (6,0), (4,0), 
Degree: 1
Knots: 9
0, 0, 0.166667, 0.333333, 0.5, 0.666667, 0.833333, 1, 1, 
Control points: 7
(9,0), (8,0), (7,0), (6,0), (5,0), (4,0), (3,0), 
Degree: 1
Knots: 4
0, 0, 1, 1, 
Control points: 2
(9,0), (3,0), 
Degree: 3
Knots: 8
0, 0, 0, 0, 1, 1, 1, 1, 
Control points: 4
(9,0), (7,0), (5,0), (3,0), 
Degree: 1
Knots: 9
0, 0, 0.166667, 0.333333, 0.5, 0.666667, 0.833333, 1, 1, 
Control points: 7
(8,0), (7,0), (6,0), (5,0), (4,0), (3,0), (2,0), 
Degree: 1
Knots: 4
0, 0, 1, 1, 
Control points: 2
(8,0), (2,0), 
Degree: 3
Knots: 8
0, 0, 0, 0, 1, 1, 1, 1, 
Control points: 4
(8,0), (6,0), (4,0), (2,0), 
Degree: 1
Knots: 9
0, 0, 0.166667, 0.333333, 0.5, 0.666667, 0.833333, 1, 1, 
Control points: 7
(7,0), (6,0), (5,0), (4,0), (3,0), (2,0), (1,0), 
Degree: 1
Knots: 4
0, 0, 1, 1, 
Control points: 2
(7,0), (1,0), 
Degree: 3
Knots: 8
0, 0, 0, 0, 1, 1, 1, 1, 
Control points: 4
(7,0), (5,0), (3,0), (1,0), 
Degree: 1
Knots: 9
0, 0, 0.166667, 0.333333, 0.5, 0.666667, 0.833333, 1, 1, 
Control points: 7
(6,0), (5,0), (4,0), (3,0), (2,0), (1,0), (0,0), 
Degree: 1
Knots: 4
0, 0, 1, 1, 
Control points: 2
(6,0), (-9.64163e-008,0), 
Degree: 3
Knots: 8
0, 0, 0, 0, 1, 1, 1, 1, 
Control points: 4
(6,0), (4,0), (2,0), (-4.61557e-009,0), 
Degree: 1
Knots: 9
0, 0, 0.166667, 0.333333, 0.5, 0.666667, 0.833333, 1, 1, 
Control points: 7
(5,0), (4,0), (3,0), (2,0), (1,0), (0,0), (0,1), 
Degree: 1
Knots: 6
0, 0, 0.5, 0.833333, 1, 1, 
Control points: 4
(4.94257,-0.0574267), (1.99845,-0.00155261), (0.312745,0.312745), (-0.350383,0.649617), 
Degree: 3
Knots: 8
0, 0, 0, 0, 1, 1, 1, 1, 
Control points: 4
(4.95238,-0.0476191), (3.56349,0.563492), (-0.111111,-1.11111), (-0.0714285,0.928571), 
Degree: 1
Knots: 9
0, 0, 0.166667, 0.333333, 0.5, 0.666667, 0.833333, 1, 1, 
Control points: 7
(4,0), (3,0), (2,0), (1,0), (0,0), (0,1), (0,2), 
Degree: 1
Knots: 6
0, 0, 0.5, 0.833333, 1, 1, 
Control points: 4
(3.95652,-0.0434807), (0.949983,-0.0500175), (-0.0596967,0.940303), (-0.19845,1.80155), 
Degree: 3
Knots: 8
0, 0, 0, 0, 1, 1, 1, 1, 
Control points: 4
(4,-8.9241e-009), (2.25397,0.253968), (-1.06349,-1.06349), (0.047619,2.04762), 
Degree: 1
Knots: 9
0, 0, 0.166667, 0.333333, 0.5, 0.666667, 0.833333, 1, 1, 
Control points: 7
(24,21), (23,21), (22,21), (21,21), (21,22), (20,22), (20,23), 
Degree: 1
Knots: 5
0, 0, 0.5, 1, 1, 
Control points: 3
(23.876,20.876), (21.2129,21.2129), (19.8046,22.8046), 
Degree: 3
Knots: 8
0, 0, 0, 0, 1, 1, 1, 1, 
Control points: 4
(24.0238,21.0238), (21.6667,20.6667), (20.3095,21.3095), (19.9524,22.9524), 
Degree: 1
Knots: 9
0, 0, 0.166667, 0.333333, 0.5, 0.666667, 0.833333, 1, 1, 
Control points: 7
(23,21), (22,21), (21,21), (21,22), (20,22), (20,23), (21,23), 
Degree: 1
Knots: 7
0, 0, 0.333333, 0.5, 0.833333, 1, 1, 
Control points: 5
(22.9461,20.9361), (21.0967,21.1372), (20.6704,21.7634), (20.0741,22.7987), (20.8191,23.0467), 
Degree: 3
Knots: 9
0, 0, 0, 0, 0.5, 1, 1, 1, 1, 
Control points: 5
(22.9678,21.0208), (21.8827,20.6684), (20.5187,21.5718), (19.5335,23.0176), (20.944,23.0446), 
Degree: 1
Knots: 9
0, 0, 0.166667, 0.333333, 0.5, 0.666667, 0.833333, 1, 1, 
Control points: 7
(22,21), (21,21), (21,22), (20,22), (20,23), (21,23), (21,24), 
Degree: 1
Knots: 8
0, 0, 0.333333, 0.5, 0.666667, 0.833333, 1, 1, 
Control points: 6
(21.8556,20.8495), (20.7443,21.7802), (20.1045,22.1404), (20.1357,22.8136), (20.8045,23.1594), (21.0554,23.942), 
Degree: 3
Knots: 10
0, 0, 0, 0, 0.333333, 0.5, 1, 1, 1, 1, 
Control points: 6
(21.9593,20.9809), (21.1589,20.6432), (21.109,21.6908), (19.278,22.662), (21.1746,22.9266), (21.0607,23.9619), 
Degree: 1
Knots: 9
0, 0, 0.166667, 0.333333, 0.5, 0.666667, 0.833333, 1, 1, 
Control points: 7
(21,21), (21,22), (20,22), (20,23), (21,23), (21,24), (22,24), 
Degree: 1
Knots: 8
0, 0, 0.166667, 0.333333, 0.5, 0.833333, 1, 1, 
Control points: 6
(21.0579,21.0695), (20.7763,21.8153), (20.1793,22.182), (20.171,22.7972), (21.1852,23.7946), (21.9523,24.0455), 
Degree: 3
Knots: 10
0, 0, 0, 0, 0.5, 0.833333, 1, 1, 1, 1, 
Control points: 6
(21.0486,21.0367), (21.2408,22.102), (18.7678,22.3355), (21.7136,23.6241), (20.9726,24.4098), (21.9459,24.0211), 
Degree: 1
Knots: 9
0, 0, 0.166667, 0.333333, 0.5, 0.666667, 0.833333, 1, 1, 
Control points: 7
(21,22), (20,22), (20,23), (21,23), (21,24), (22,24), (23,24), 
Degree: 1
Knots: 8
0, 0, 0.166667, 0.333333, 0.5, 0.833333, 1, 1, 
Control points: 6
(20.8742,21.9287), (20.1371,22.1867), (20.0994,22.8411), (20.6983,23.2506), (21.9393,24.064), (22.9329,24.0718), 
Degree: 3
Knots: 9
0, 0, 0, 0, 0.5, 1, 1, 1, 1, 
Control points: 5
(20.944,21.9554), (19.5335,21.9824), (20.5186,23.4282), (21.8827,24.3316), (22.9678,23.9792), 
Degree: 1
Knots: 9
0, 0, 0.166667, 0.333333, 0.5, 0.666667, 0.833333, 1, 1, 
Control points: 7
(20,22), (20,23), (21,23), (21,24), (22,24), (23,24), (23,25), 
Degree: 1
Knots: 7
0, 0, 0.333333, 0.5, 0.833333, 1, 1, 
Control points: 5
(19.851,22.149), (20.7595,23.2405), (21.1765,23.8235), (22.812,24.188), (23.1016,24.8984), 
Degree: 3
Knots: 10
0, 0, 0, 0, 0.333333, 0.5, 1, 1, 1, 1, 
Control points: 6
(19.9613,22.0387), (20.0166,22.65), (20.4588,23.2078), (21.502,24.1646), (23.3025,23.6975), (23.0484,24.9516), 
Degree: 1
Knots: 9
0, 0, 0.166667, 0.333333, 0.5, 0.666667, 0.833333, 1, 1, 
Control points: 7
(20,23), (21,23), (21,24), (22,24), (23,24), (23,25), (23,26), 
Degree: 1
Knots: 8
0, 0, 0.166667, 0.333333, 0.5, 0.833333, 1, 1, 
Control points: 6
(20.0482,22.9518), (20.8447,23.1553), (21.209,23.791), (22.1025,23.8975), (23.1208,24.8792), (23.0632,25.9368), 
Degree: 3
Knots: 10
0, 0, 0, 0, 0.333333, 0.5, 1, 1, 1, 1, 
Control points: 6
(20.0637,22.9363), (20.6782,22.9885), (20.9951,23.6715), (22.4792,24.1875), (23.6577,24.3423), (22.9551,26.0449), 
Degree: 1
Knots: 9
0, 0, 0.166667, 0.333333, 0.5, 0.666667, 0.833333, 1, 1, 
Control points: 7
(21,23), (21,24), (22,24), (23,24), (23,25), (23,26), (23,27), 
Degree: 1
Knots: 6
0, 0, 0.333333, 0.5, 1, 1, 
Control points: 4
(20.7818,23.2182), (22.0098,23.9902), (22.8247,24.1753), (23.0816,26.9184), 
Degree: 3
Knots: 9
0, 0, 0, 0, 0.5, 1, 1, 1, 1, 
Control points: 5
(20.8813,23.1187), (21.0216,23.9784), (23.1525,23.8475), (23.3708,25.6292), (22.9052,27.0949), 
Degree: 1
Knots: 9
0, 0, 0.166667, 0.333333, 0.5, 0.666667, 0.833333, 1, 1, 
Control points: 7
(21,24), (22,24), (23,24), (23,25), (23,26), (23,27), (23,28), 
Degree: 1
Knots: 6
0, 0, 0.333333, 0.5, 1, 1, 
Control points: 4
(21.2988,23.7011), (22.6242,24.3758), (22.9476,25.0524), (23.1101,27.8899), 
Degree: 3
Knots: 8
0, 0, 0, 0, 1, 1, 1, 1, 
Control points: 4
(20.9524,24.0476), (24.0635,22.9365), (22.746,26.254), (23,28), 
Degree: 1
Knots: 9
0, 0, 0.166667, 0.333333, 0.5, 0.666667, 0.833333, 1, 1, 
Control points: 7
(22,24), (23,24), (23,25), (23,26), (23,27), (23,28), (23,29), 
Degree: 1
Knots: 6
0, 0, 0.333333, 0.5, 1, 1, 
Control points: 4
(22.3201,23.6799), (22.9338,25.0662), (23.0391,25.9609), (23.0205,28.9795), 
Degree: 3
Knots: 8
0, 0, 0, 0, 1, 1, 1, 1, 
Control points: 4
(22.0714,23.9286), (24.1111,23.8889), (22.4365,27.5635), (23.0476,28.9524), 
Degree: 1
Knots: 9
0, 0, 0.166667, 0.333333, 0.5, 0.666667, 0.833333, 1, 1, 
Control points: 7
(23,24), (23,25), (23,26), (23,27), (23,28), (23,29), (23,30), 
Degree: 1
Knots: 4
0, 0, 1, 1, 
Control points: 2
(23,24), (23,30), 
Degree: 3
Knots: 8
0, 0, 0, 0, 1, 1, 1, 1, 
Control points: 4
(23,24), (23,26), (23,28), (23,30), 
Degree: 1
Knots: 9
0, 0, 0.166667, 0.333333, 0.5, 0.666667, 0.833333, 1, 1, 
Control points: 7
(23,25), (23,26), (23,27), (23,28), (23,29), (23,30), (24,30), 
Degree: 1
Knots: 6
0, 0, 0.5, 0.833333, 1, 1, 
Control points: 4
(22.9426,25.0574), (22.9984,28.0016), (23.3127,29.6873), (23.6496,30.3504), 
Degree: 3
Knots: 8
0, 0, 0, 0, 1, 1, 1, 1, 
Control points: 4
(22.9524,25.0476), (23.5635,26.4365), (21.8889,30.1111), (23.9286,30.0714), 
Degree: 1
Knots: 9
0, 0, 0.166667, 0.333333, 0.5, 0.666667, 0.833333, 1, 1, 
Control points: 7
(23,26), (23,27), (23,28), (23,29), (23,30), (24,30), (25,30), 
Degree: 1
Knots: 6
0, 0, 0.5, 0.833333, 1, 1, 
Control points: 4
(22.9565,26.0435), (22.95,29.05), (23.9403,30.0597), (24.8015,30.1984), 
Degree: 3
Knots: 8
0, 0, 0, 0, 1, 1, 1, 1, 
Control points: 4
(23,26), (23.254,27.746), (21.9365,31.0635), (25.0476,29.9524), 
Degree: 1
Knots: 9
0, 0, 0.166667, 0.333333, 0.5, 0.666667, 0.833333, 1, 1, 
Control points: 7
(23,27), (23,28), (23,29), (23,30), (24,30), (25,30), (26,30), 
Degree: 1
Knots: 5
0, 0, 0.5, 1, 1, 
Control points: 3
(22.7641,27.236), (23.3146,29.6854), (25.764,30.2359), 
Degree: 3
Knots: 8
0, 0, 0, 0, 1, 1, 1, 1, 
Control points: 4
(23.0714,26.9286), (22.3571,29.6429), (23.3571,30.6429), (26.0714,29.9286), 
Degree: 1
Knots: 9
0, 0, 0.166667, 0.333333, 0.5, 0.666667, 0.833333, 1, 1, 
Control points: 7
(23,28), (23,29), (23,30), (24,30), (25,30), (26,30), (26,29), 
Degree: 1
Knots: 7
0, 0, 0.333333, 0.5, 0.833333, 1, 1, 
Control points: 5
(22.8162,28.1803), (23.3207,29.7838), (24.0199,30.0734), (25.6992,29.7894), (26.216,29.2596), 
Degree: 3
Knots: 8
0, 0, 0, 0, 1, 1, 1, 1, 
Control points: 4
(23.0952,28), (21.373,30.5), (26.3651,30.8571), (26.0714,29.0714), 
Degree: 1
Knots: 9
0, 0, 0.166667, 0.333333, 0.5, 0.666667, 0.833333, 1, 1, 
Control points: 7
(23,29), (23,30), (24,30), (25,30), (26,30), (26,29), (26,28), 
Degree: 1
Knots: 8
0, 0, 0.166667, 0.333333, 0.5, 0.833333, 1, 1, 
Control points: 6
(22.8797,29.107), (23.2062,29.844), (24.0601,30.1118), (25.0648,30.1256), (26.0955,29.0942), (26.1135,28.1075), 
Degree: 3
Knots: 8
0, 0, 0, 0, 1, 1, 1, 1, 
Control points: 4
(22.9286,29.0714), (22.6349,30.8571), (27.627,30.5), (25.9048,28), 
Degree: 1
Knots: 9
0, 0, 0.166667, 0.333333, 0.5, 0.666667, 0.833333, 1, 1, 
Control points: 7
(23,30), (24,30), (25,30), (26,30), (26,29), (26,28), (26,27), 
Degree: 1
Knots: 5
0, 0, 0.5, 1, 1, 
Control points: 3
(23.236,30.236), (25.6854,29.6854), (26.236,27.236), 
Degree: 3
Knots: 8
0, 0, 0, 0, 1, 1, 1, 1, 
Control points: 4
(22.9286,29.9286), (25.6429,30.6429), (26.6429,29.6429), (25.9286,26.9286), 
Degree: 1
Knots: 9
0, 0, 0.166667, 0.333333, 0.5, 0.666667, 0.833333, 1, 1, 
Control points: 7
(24,30), (25,30), (26,30), (26,29), (26,28), (26,27), (26,26), 
Degree: 1
Knots: 6
0, 0, 0.333333, 0.5, 1, 1, 
Control points: 4
(24.2989,30.2989), (25.6242,29.6242), (25.9476,28.9476), (26.1101,26.1101), 
Degree: 3
Knots: 8
0, 0, 0, 0, 1, 1, 1, 1, 
Control points: 4
(23.9524,29.9524), (27.0635,31.0635), (25.746,27.746), (26,26), 
Degree: 1
Knots: 9
0, 0, 0.166667, 0.333333, 0.5, 0.666667, 0.833333, 1, 1, 
Control points: 7
(25,30), (26,30), (26,29), (26,28), (26,27), (26,26), (26,25), 
Degree: 1
Knots: 6
0, 0, 0.333333, 0.5, 1, 1, 
Control points: 4
(25.3201,30.3201), (25.9338,28.9338), (26.0391,28.0391), (26.0205,25.0205), 
Degree: 3
Knots: 8
0, 0, 0, 0, 1, 1, 1, 1, 
Control points: 4
(25.0714,30.0714), (27.1111,30.1111), (25.4365,26.4365), (26.0476,25.0476), 
Degree: 1
Knots: 9
0, 0, 0.166667, 0.333333, 0.5, 0.666667, 0.833333, 1, 1, 
Control points: 7
(26,30), (26,29), (26,28), (26,27), (26,26), (26,25), (26,24), 
Degree: 1
Knots: 4
0, 0, 1, 1, 
Control points: 2
(26,30), (26,24), 
Degree: 3
Knots: 8
0, 0, 0, 0, 1, 1, 1, 1, 
Control points: 4
(26,30), (26,28), (26,26), (26,24), 
Degree: 1
Knots: 9
0, 0, 0.166667, 0.333333, 0.5, 0.666667, 0.833333, 1, 1, 
Control points: 7
(26,29), (26,28), (26,27), (26,26), (26,25), (26,24), (27,24), 
Degree: 1
Knots: 6
0, 0, 0.5, 0.833333, 1, 1, 
Control points: 4
(25.9426,28.9426), (25.9984,25.9984), (26.3127,24.3127), (26.6496,23.6496), 
Degree: 3
Knots: 8
0, 0, 0, 0, 1, 1, 1, 1, 
Control points: 4
(25.9524,28.9524), (26.5635,27.5635), (24.8889,23.8889), (26.9286,23.9286), 
Degree: 1
Knots: 9
0, 0, 0.166667, 0.333333, 0.5, 0.666667, 0.833333, 1, 1, 
Control points: 7
(26,28), (26,27), (26,26), (26,25), (26,24), (27,24), (28,24), 
Degree: 1
Knots: 6
0, 0, 0.5, 0.833333, 1, 1, 
Control points: 4
(25.9565,27.9565), (25.95,24.95), (26.9403,23.9403), (27.8015,23.8015), 
Degree: 3
Knots: 8
0, 0, 0, 0, 1, 1, 1, 1, 
Control points: 4
(26,28), (26.254,26.254), (24.9365,22.9365), (28.0476,24.0476), 
Degree: 1
Knots: 9
0, 0, 0.166667, 0.333333, 0.5, 0.666667, 0.833333, 1, 1, 
Control points: 7
(26,27), (26,26), (26,25), (26,24), (27,24), (28,24), (28,23), 
Degree: 1
Knots: 6
0, 0, 0.5, 0.833333, 1, 1, 
Control points: 4
(25.8514,26.8514), (26.2726,24.2726), (27.6568,23.6568), (28.1306,23.1306), 
Degree: 3
Knots: 9
0, 0, 0, 0, 0.5, 1, 1, 1, 1, 
Control points: 5
(26.0949,27.0949), (25.6292,25.6292), (25.8475,23.8475), (27.9784,23.9784), (28.1187,23.1187), 
Degree: 1
Knots: 9
0, 0, 0.166667, 0.333333, 0.5, 0.666667, 0.833333, 1, 1, 
Control points: 7
(26,26), (26,25), (26,24), (27,24), (28,24), (28,23), (29,23), 
Degree: 1
Knots: 6
0, 0, 0.333333, 0.5, 1, 1, 
Control points: 4
(25.9244,25.9244), (26.1652,24.1652), (26.9976,23.9976), (28.9352,22.9352), 
Degree: 3
Knots: 10
0, 0, 0, 0, 0.5, 0.833333, 1, 1, 1, 1, 
Control points: 6
(26.0517,26.0517), (25.2884,24.2884), (26.8909,24.2243), (28.1666,23.4999), (28.4641,22.7975), (28.9428,22.9428), 
Degree: 1
Knots: 9
0, 0, 0.166667, 0.333333, 0.5, 0.666667, 0.833333, 1, 1, 
Control points: 7
(26,25), (26,24), (27,24), (28,24), (28,23), (29,23), (29,22), 
Degree: 1
Knots: 8
0, 0, 0.166667, 0.333333, 0.5, 0.833333, 1, 1, 
Control points: 6
(25.879,24.879), (26.2317,24.2317), (26.9811,23.9811), (27.7639,23.7639), (28.7935,22.7935), (29.072,22.072), 
Degree: 3
Knots: 10
0, 0, 0, 0, 0.5, 0.833333, 1, 1, 1, 1, 
Control points: 6
(25.968,24.968), (25.5896,23.5896), (28.0611,24.3944), (28.5586,22.892), (29.0701,22.4034), (29.0569,22.0569), 
Degree: 1
Knots: 9
0, 0, 0.166667, 0.333333, 0.5, 0.666667, 0.833333, 1, 1, 
Control points: 7
(26,24), (27,24), (28,24), (28,23), (29,23), (29,22), (28,22), 
Degree: 1
Knots: 7
0, 0, 0.333333, 0.5, 0.833333, 1, 1, 
Control points: 5
(26.0539,24.0639), (27.9033,23.8628), (28.3296,23.2366), (28.9259,22.2013), (28.1809,21.9533), 
Degree: 3
Knots: 9
0, 0, 0, 0, 0.5, 1, 1, 1, 1, 
Control points: 5
(26.0322,23.9792), (27.1173,24.3316), (28.4813,23.4282), (29.4665,21.9824), (28.056,21.9554), 
Degree: 1
Knots: 9
0, 0, 0.166667, 0.333333, 0.5, 0.666667, 0.833333, 1, 1, 
Control points: 7
(27,24), (28,24), (28,23), (29,23), (29,22), (28,22), (28,21), 
Degree: 1
Knots: 8
0, 0, 0.333333, 0.5, 0.666667, 0.833333, 1, 1, 
Control points: 6
(27.1444,24.1505), (28.2557,23.2198), (28.8955,22.8596), (28.8644,22.1864), (28.1955,21.8406), (27.9446,21.058), 
Degree: 3
Knots: 10
0, 0, 0, 0, 0.333333, 0.5, 1, 1, 1, 1, 
Control points: 6
(27.0407,24.0191), (27.8411,24.3568), (27.891,23.3092), (29.722,22.338), (27.8254,22.0734), (27.9393,21.0381), 
Degree: 1
Knots: 9
0, 0, 0.166667, 0.333333, 0.5, 0.666667, 0.833333, 1, 1, 
Control points: 7
(28,24), (28,23), (29,23), (29,22), (28,22), (28,21), (27,21), 
Degree: 1
Knots: 8
0, 0, 0.166667, 0.333333, 0.5, 0.833333, 1, 1, 
Control points: 6
(27.9421,23.9305), (28.2237,23.1847), (28.8207,22.818), (28.829,22.2028), (27.8148,21.2054), (27.0477,20.9545), 
Degree: 3
Knots: 10
0, 0, 0, 0, 0.5, 0.833333, 1, 1, 1, 1, 
Control points: 6
(27.9514,23.9633), (27.7592,22.898), (30.2321,22.6645), (27.2865,21.3759), (28.0274,20.5902), (27.0541,20.9789), 
Degree: 1
Knots: 9
0, 0, 0.166667, 0.333333, 0.5, 0.666667, 0.833333, 1, 1, 
Control points: 7
(28,23), (29,23), (29,22), (28,22), (28,21), (27,21), (26,21), 
Degree: 1
Knots: 8
0, 0, 0.166667, 0.333333, 0.5, 0.833333, 1, 1, 
Control points: 6
(28.1258,23.0713), (28.8629,22.8133), (28.9006,22.1589), (28.3017,21.7494), (27.0607,20.936), (26.0671,20.9282), 
Degree: 3
Knots: 9
0, 0, 0, 0, 0.5, 1, 1, 1, 1, 
Control points: 5
(28.056,23.0446), (29.4665,23.0176), (28.4813,21.5718), (27.1173,20.6684), (26.0322,21.0208), 
Degree: 1
Knots: 9
0, 0, 0.166667, 0.333333, 0.5, 0.666667, 0.833333, 1, 1, 
Control points: 7
(29,23), (29,22), (28,22), (28,21), (27,21), (26,21), (25,21), 
Degree: 1
Knots: 5
0, 0, 0.5, 1, 1, 
Control points: 3
(29.1954,22.8046), (27.7871,21.2129), (25.124,20.876), 
Degree: 3
Knots: 8
0, 0, 0, 0, 1, 1, 1, 1, 
Control points: 4
(29.0476,22.9524), (28.6905,21.3095), (27.3333,20.6667), (24.9762,21.0238), 
Degree: 1
Knots: 9
0, 0, 0.166667, 0.333333, 0.5, 0.666667, 0.833333, 1, 1, 
Control points: 7
(29,22), (28,22), (28,21), (27,21), (26,21), (25,21), (24,21), 
Degree: 1
Knots: 5
0, 0, 0.5, 1, 1, 
Control points: 3
(29.0085,21.9915), (26.941,21.059), (24.0799,20.92), 
Degree: 3
Knots: 8
0, 0, 0, 0, 1, 1, 1, 1, 
Control points: 4
(28.881,22.119), (27.9524,21.0476), (26.3095,20.6905), (23.9524,21.0476), 
Degree: 1
Knots: 9
0, 0, 0.166667, 0.333333, 0.5, 0.666667, 0.833333, 1, 1, 
Control points: 7
(28,22), (28,21), (27,21), (26,21), (25,21), (24,21), (23,21), 
Degree: 1
Knots: 6
0, 0, 0.333333, 0.5, 1, 1, 
Control points: 4
(28.3201,21.6799), (26.9338,21.0662), (26.0391,20.9609), (23.0205,20.9795), 
Degree: 3
Knots: 8
0, 0, 0, 0, 1, 1, 1, 1, 
Control points: 4
(28.0714,21.9286), (28.1111,19.8889), (24.4365,21.5635), (23.0476,20.9524), 
Degree: 1
Knots: 9
0, 0, 0.166667, 0.333333, 0.5, 0.666667, 0.833333, 1, 1, 
Control points: 7
(28,21), (27,21), (26,21), (25,21), (24,21), (23,21), (22,21), 
Degree: 1
Knots: 4
0, 0, 1, 1, 
Control points: 2
(28,21), (22,21), 
Degree: 3
Knots: 8
0, 0, 0, 0, 1, 1, 1, 1, 
Control points: 4
(28,21), (26,21), (24,21), (22,21), 
Degree: 1
Knots: 9
0, 0, 0.166667, 0.333333, 0.5, 0.666667, 0.833333, 1, 1, 
Control points: 7
(27,21), (26,21), (25,21), (24,21), (23,21), (22,21), (21,21), 
Degree: 1
Knots: 4
0, 0, 1, 1, 
Control points: 2
(27,21), (21,21), 
Degree: 3
Knots: 8
0, 0, 0, 0, 1, 1, 1, 1, 
Control points: 4
(27,21), (25,21), (23,21), (21,21), 
Degree: 1
Knots: 9
0, 0, 0.166667, 0.333333, 0.5, 0.666667, 0.833333, 1, 1, 
Control points: 7
(26,21), (25,21), (24,21), (23,21), (22,21), (21,21), (21,22), 
Degree: 1
Knots: 6
0, 0, 0.5, 0.833333, 1, 1, 
Control points: 4
(25.9426,20.9426), (22.9984,20.9984), (21.3127,21.3127), (20.6496,21.6496), 
Degree: 3
Knots: 8
0, 0, 0, 0, 1, 1, 1, 1, 
Control points: 4
(25.9524,20.9524), (24.5635,21.5635), (20.8889,19.8889), (20.9286,21.9286), 
Degree: 1
Knots: 9
0, 0, 0.166667, 0.333333, 0.5, 0.666667, 0.833333, 1, 1, 
Control points: 7
(25,21), (24,21), (23,21), (22,21), (21,21), (21,22), (20,22), 
Degree: 1
Knots: 5
0, 0, 0.5, 1, 1, 
Control points: 3
(24.9201,20.9201), (22.059,21.059), (19.9915,21.9915), 
Degree: 3
Knots: 8
0, 0, 0, 0, 1, 1, 1, 1, 
Control points: 4
(25.0476,21.0476), (22.6905,20.6905), (21.0476,21.0476), (20.119,22.119), 
