6.78889e-006
9.04565e-006
3.34019e-005
5.30008e-005
5.87656e-005
8.71009e-005
0.000108282
0.000110537
0.000121828
0.000123216
0.000124026
0.000145599
0.000148577
0.000168032
0.000185764
0.000192084
0.000194329
0.00020656
0.000208801
0.000251679
0.000255298
0.00027676
0.000280754
0.000285513
0.0002925
0.000303514
0.000305749
0.000306231
0.000313568
0.000323011
0.000326436
0.000341157
0.000368469
0.000371793
0.000400248
0.000404973
0.000405315
0.000405677
0.000407765
0.00040928
0.000409624
0.000415562
0.000416066
0.000418764
0.000425261
0.000425651
0.000433309
0.000435336
0.00043754
0.000442164
0.000447367
0.000447509
0.000462999
0.00046452
0.000465382
0.00046696
0.000467173
0.000467465
0.000478773
0.000484113
0.000485072
0.000488556
0.000492554
0.000493015
0.000493189
0.000493694
0.000496505
0.000498153
0.000498454
0.000510811
0.000534992
0.000550932
0.000559503
0.000561034
0.000565507
0.000565719
0.000591315
0.00060071
0.000601667
0.000610396
0.000610626
0.000615037
0.000617891
0.000620531
0.000620828
0.00063275
0.000635901
0.00063665
0.000643321
0.000647412
0.000655207
0.000656865
0.000662506
0.00067436
0.000687551
0.000688561
0.000691449
0.000693374
0.000693613
0.000701057
0.000709647
0.000712241
0.000717118
0.000719017
0.000720431
0.000723209
0.000723227
0.00072726
0.000728191
0.000729425
0.000746568
0.000748201
0.000758849
0.000764943
0.000773415
0.000801222
0.000807506
0.000810939
0.000817893
0.000824559
0.000824604
0.000825877
0.000833447
0.00083622
0.000857902
0.0008813
0.000898742
0.00089974
0.000904812
0.000905258
0.000907153
0.000907823
0.000908171
0.00090996
0.000920589
0.000925274
0.000939714
0.000945119
0.000948227
0.000964212
0.000973916
0.000979679
0.000985074
0.0009882
0.00100115
0.00100226
0.00100499
0.00101005
0.00102323
0.00102589
0.00103178
0.00105151
0.00105946
0.00106449
0.00106699
0.00107084
0.00107213
0.0010766
0.00108466
0.00108484
0.00109793
0.00109841
0.001102
0.00111156
0.00113806
0.00114119
0.00115588
0.00115936
0.00116229
0.00117377
0.00118679
0.00119454
0.0011998
0.00120414
0.00122691
0.00128774
0.00129066
0.00129271
0.00129541
0.00129993
0.00131026
0.00131555
0.00132264
0.00133714
0.00133757
0.00133794
0.00133972
0.00134549
0.00135067
0.00135116
0.001361
0.00136144
0.00137477
0.00141137
0.00141628
0.00143696
0.00145257
0.00145361
0.00145381
0.00145461
0.0014711
0.00148191
0.00148256
0.00148445
0.00148458
0.001487
0.0014919
0.00149569
0.00149969
0.00150053
0.00150144
0.00150214
0.00150628
0.0015183
0.00151861
0.00152803
0.00153546
0.00153717
0.00155666
0.00155831
0.00157511
0.00160979
0.00161472
0.00161951
0.00162631
0.00162925
0.00162954
0.00163684
0.0016379
0.0016534
0.00166755
0.00167156
0.00167414
0.00168506
0.0016931
0.0017104
0.0017218
0.00172257
0.00172612
0.00172718
0.0017297
0.00173057
0.0017339
0.00173905
0.00174114
0.00176238
0.00178778
0.00178993
0.00179538
0.00179653
0.00181677
0.00182338
0.00182614
0.00183252
0.00183703
0.00183992
0.00185062
0.00185545
0.00185962
0.00186604
0.00187352
0.0018846
0.00190989
0.00190998
0.00191074
0.00191297
0.00193027
0.00193962
0.00194035
0.00194612
0.00194672
0.00195834
0.00196334
0.00196529
0.00197907
0.00198119
0.00198227
0.00198423
0.00199294
0.00200016
0.00200178
0.00200736
0.00201603
0.00202822
0.00203919
0.00204377
0.00204389
0.00205057
0.00205491
0.00206055
0.00207111
0.00207604
0.00207628
0.00207669
0.0020787
0.00208366
0.00210416
0.00210894
0.00211395
0.00211581
